y,y_pred,Dataset
-3.044446890790269,-2.7045689,Train
-2.9974788344972723,-2.5433292,Train
-2.9221833949775715,-2.3769455,Train
-2.915951581723782,-2.3822112,Train
-2.8533612350341535,-2.96644,Train
-2.8531727071217037,-2.5450816,Train
-2.8425290529498213,-2.5139773,Train
-2.786940012450517,-2.1300502,Train
-2.699127760411746,-2.5860815,Train
-2.6675026711006837,-2.408033,Train
-2.6516128221713515,-2.198647,Train
-2.5760785087722584,-2.2537816,Train
-2.575555956336455,-2.3514748,Train
-2.557754744207172,-2.2740805,Train
-2.540780945958762,-2.1201687,Train
-2.5399497814497765,-2.3824744,Train
-2.5323249888809523,-2.2633924,Train
-2.529084379080664,-2.114542,Train
-2.5190279216596894,-2.105699,Train
-2.506527712673525,-1.8732182,Train
-2.468615444492638,-2.2919984,Train
-2.449543255993178,-2.200431,Train
-2.4350137721329657,-2.2424972,Train
-2.4259853152551525,-1.9530305,Train
-2.4243834386139946,-2.2279572,Train
-2.4108511637434207,-2.1105902,Train
-2.404513935825023,-2.3094738,Train
-2.3973151448542196,-2.0238338,Train
-2.391441279406307,-2.1243844,Train
-2.3802830499377126,-2.1463957,Train
-2.3781586579755474,-2.011752,Train
-2.3737419956928907,-2.1000977,Train
-2.359342396841739,-1.9630225,Train
-2.3591559112599287,-1.8427448,Train
-2.3521495391541216,-1.864405,Train
-2.3345777188364147,-1.9622865,Train
-2.3328464234090482,-1.7356105,Train
-2.328119317209223,-1.9657484,Train
-2.326031855486201,-1.7105759,Train
-2.317477952461007,-1.9316471,Train
-2.3102707303303855,-1.7601053,Train
-2.2995461842057985,-1.8757926,Train
-2.293212554388952,-2.2249806,Train
-2.2908731172634504,-1.8562628,Train
-2.287294080006441,-1.7580143,Train
-2.2604770417237834,-1.7475429,Train
-2.246228806671879,-1.7605945,Train
-2.2417943902976316,-1.8165127,Train
-2.2373330072275666,-2.0882833,Train
-2.227281713339072,-1.7557815,Train
-2.2223470083225716,-1.7559984,Train
-2.22229026844223,-1.676247,Train
-2.222018405101584,-1.6370541,Train
-2.218405611683147,-1.6306542,Train
-2.21803836331606,-1.5897561,Train
-2.216301482366064,-1.8781606,Train
-2.212873835854662,-1.6759865,Train
-2.204312865765518,-1.5852525,Train
-2.202348760914786,-1.7300024,Train
-2.1948307267695646,-1.8852977,Train
-2.1935321242804093,-1.657964,Train
-2.1902987122084903,-1.5593275,Train
-2.1810435713739635,-1.7911108,Train
-2.178646940347394,-1.890824,Train
-2.1666294082700137,-1.7805301,Train
-2.166357036507501,-1.8731884,Train
-2.1625187717185033,-1.9698526,Train
-2.1601625500619104,-1.6845217,Train
-2.1583066017949157,-1.8191906,Train
-2.1560372536742904,-1.6924949,Train
-2.1537571936133535,-1.8029469,Train
-2.142279031041867,-1.7310418,Train
-2.1379824407178187,-1.5969871,Train
-2.135102029507012,-1.610429,Train
-2.1300523662390396,-1.8397424,Train
-2.1206219662859453,-1.8690462,Train
-2.113608726925983,-1.737818,Train
-2.1118420748251516,-1.4382732,Train
-2.106241195821789,-1.4617622,Train
-2.104627697165176,-1.7170247,Train
-2.104069133208544,-1.5948309,Train
-2.0928268865180293,-1.621975,Train
-2.0895037023970793,-1.6639639,Train
-2.0796205964958285,-1.5202256,Train
-2.0787383660945356,-1.8302464,Train
-2.0714063635103974,-1.7951305,Train
-2.0580647463314734,-1.8264835,Train
-2.0575482766548854,-1.8627678,Train
-2.056898170832703,-1.6708198,Train
-2.0554792925077705,-1.507216,Train
-2.0466416356797303,-1.4446585,Train
-2.0416182110474628,-1.5230571,Train
-2.0400435522625253,-1.5218692,Train
-2.038333980176264,-1.6309314,Train
-2.0369449904476187,-1.8768921,Train
-2.0364489908522336,-1.6090103,Train
-2.0278220616690374,-1.5293779,Train
-2.0272002551163864,-1.7999351,Train
-2.0080061567132694,-1.4208881,Train
-2.0042181880658725,-1.5430784,Train
-2.00403718683074,-1.7118019,Train
-2.0013571914524735,-1.580839,Train
-1.99827893092271,-1.6321776,Train
-1.9956986426651746,-1.431294,Train
-1.9955493227218317,-1.5572027,Train
-1.995227247129193,-1.5435909,Train
-1.9898987424304522,-1.7926301,Train
-1.98903876514585,-1.604097,Train
-1.9883916783327136,-1.616628,Train
-1.9880273076333927,-1.6596775,Train
-1.9846612106731925,-1.5209234,Train
-1.984101836292104,-1.7313542,Train
-1.980588624414197,-1.7167778,Train
-1.9794922721436774,-1.6307304,Train
-1.9792652668643442,-1.750567,Train
-1.9749432198574224,-1.7982974,Train
-1.9743802341558137,-1.6658369,Train
-1.9660746138650806,-1.6213562,Train
-1.959540094874936,-1.6141081,Train
-1.9522248600439664,-1.794973,Train
-1.944826470782985,-1.741802,Train
-1.9427472032951913,-1.5041138,Train
-1.9427231534156233,-1.5816278,Train
-1.9408392912628722,-1.4892333,Train
-1.939741748776762,-1.5601437,Train
-1.9388924575029576,-1.6395328,Train
-1.9321816549241828,-1.445479,Train
-1.931015636655779,-1.624685,Train
-1.922474081164043,-1.4775734,Train
-1.9194798276877625,-1.3848859,Train
-1.9184675882224738,-1.5600063,Train
-1.9163107172546103,-1.6603855,Train
-1.9125460073823566,-1.4032501,Train
-1.9056742165783946,-1.4896504,Train
-1.9039580095867707,-1.5471528,Train
-1.903691445527243,-1.5825857,Train
-1.8951591372124215,-1.4386245,Train
-1.8927520509985811,-1.8761759,Train
-1.885054481398469,-1.5951401,Train
-1.8729808886923622,-1.6366693,Train
-1.8687557016437175,-1.5961478,Train
-1.86845948794618,-1.8159785,Train
-1.866973950430284,-1.431231,Train
-1.866388967348184,-1.4630986,Train
-1.8647272072542818,-1.5919576,Train
-1.863880642646949,-1.561795,Train
-1.8579252903927477,-1.4760807,Train
-1.8498388390751137,-1.7364869,Train
-1.8480975770538912,-1.5460157,Train
-1.847132343223881,-1.4638482,Train
-1.8456547762375917,-1.4734697,Train
-1.8435579442995635,-1.5698173,Train
-1.8428259810315517,-1.6414127,Train
-1.8427432323221895,-1.4877316,Train
-1.8343026311100243,-1.4633651,Train
-1.8331416629960238,-1.5349023,Train
-1.8315848330406914,-1.4884533,Train
-1.8242857609408694,-1.3401009,Train
-1.8183098094663102,-1.4481182,Train
-1.8182000005115062,-1.5724801,Train
-1.8116572430534312,-1.5484126,Train
-1.809123803837239,-1.6350673,Train
-1.8077424846692989,-1.7008193,Train
-1.8060792618456858,-1.5370479,Train
-1.8028417722303947,-1.4761423,Train
-1.799859955769821,-1.6759616,Train
-1.7939786368573403,-1.6338649,Train
-1.7933774483366558,-1.8895223,Train
-1.79190164709951,-1.5456275,Train
-1.7908696320572879,-1.3854297,Train
-1.7903001995664076,-1.4835566,Train
-1.7685383490637268,-1.5303861,Train
-1.7598061963825433,-1.6348814,Train
-1.756165058953451,-1.3432552,Train
-1.753047687054736,-1.4277763,Train
-1.7510978180162762,-1.6017317,Train
-1.747560832331875,-1.4581658,Train
-1.7374355325564408,-1.5649315,Train
-1.736983330454355,-1.5873108,Train
-1.7324454995471232,-1.9805076,Train
-1.7263056984491103,-1.5063114,Train
-1.7252384868863113,-1.4260826,Train
-1.720814488076116,-1.4594954,Train
-1.711353082523893,-1.446317,Train
-1.7101397454323406,-1.4530975,Train
-1.7072812472039953,-1.3266891,Train
-1.705022827102977,-1.4721535,Train
-1.6930119400993973,-1.4277759,Train
-1.6824001349985203,-1.5307822,Train
-1.681332343834793,-1.4874978,Train
-1.6793649240734894,-1.6975635,Train
-1.6691194135402772,-1.5245934,Train
-1.6619747237403266,-1.4834671,Train
-1.6595577436369569,-1.2842001,Train
-1.658663470246904,-1.6473821,Train
-1.6578726169824758,-1.3303639,Train
-1.6548716264080376,-1.2355639,Train
-1.6528924570173908,-1.4029638,Train
-1.6483846885867246,-1.473918,Train
-1.6477131105838396,-1.4377152,Train
-1.646145771548519,-1.3993134,Train
-1.6397319905496281,-1.4417846,Train
-1.6342115428687587,-1.3335555,Train
-1.6334174097748673,-1.4367187,Train
-1.6264044129321356,-1.612045,Train
-1.6262621361569143,-1.4487119,Train
-1.6236575265225341,-1.5120687,Train
-1.6227805887928755,-1.5366853,Train
-1.6214007862473638,-1.3209409,Train
-1.6211207322304428,-1.3471129,Train
-1.6179533534821693,-1.3991854,Train
-1.613207026902089,-1.4846789,Train
-1.6128248838079906,-1.3742197,Train
-1.6096478013199664,-1.2555268,Train
-1.601481801808622,-1.3534112,Train
-1.6005399503002684,-1.4159154,Train
-1.5936367659712936,-1.3796091,Train
-1.5899759170264232,-1.4142678,Train
-1.5829972320502201,-1.363703,Train
-1.5793847335164661,-1.4030995,Train
-1.5779596915932415,-1.5158355,Train
-1.5759664928096007,-1.433819,Train
-1.5750502133958844,-1.3860013,Train
-1.5743169470426281,-1.310684,Train
-1.5720875949450037,-1.3337253,Train
-1.5696108991681061,-1.1828805,Train
-1.5674350503372183,-1.3910576,Train
-1.5527541213302596,-1.4596037,Train
-1.5425574330236562,-1.3062445,Train
-1.5381614040256226,-1.3657438,Train
-1.5297134779796213,-1.4155117,Train
-1.5254132015970385,-1.441155,Train
-1.5249664868921613,-1.171239,Train
-1.5237704671578158,-1.729478,Train
-1.5203121236593584,-1.3701457,Train
-1.5184420382139334,-1.40075,Train
-1.508051493225294,-1.1996166,Train
-1.5065957593992332,-1.3747084,Train
-1.5063135511988623,-1.3258057,Train
-1.5042692971997738,-1.0786994,Train
-1.5032407800999954,-1.3976765,Train
-1.4930091118605302,-1.2680787,Train
-1.4879271592282162,-1.4450761,Train
-1.4841763785898485,-1.4532312,Train
-1.476103134038628,-1.2177186,Train
-1.473768886375121,-1.3209198,Train
-1.473219450116264,-1.2437086,Train
-1.4731024841068407,-1.2993724,Train
-1.4720509339712284,-0.88256574,Train
-1.4715691244301479,-1.247694,Train
-1.469531988337195,-1.3944845,Train
-1.4680820550962133,-1.191072,Train
-1.4656928068635713,-1.3860142,Train
-1.460905712984519,-1.0863918,Train
-1.4575248417932898,-1.040142,Train
-1.4557008915649072,-1.3564045,Train
-1.4511729204829396,-1.0551869,Train
-1.4498542556669176,-1.3261493,Train
-1.445561814065303,-1.0685842,Train
-1.4419961330507365,-1.5270762,Train
-1.4417845156676254,-1.3270772,Train
-1.43916564479988,-1.1909977,Train
-1.4388759714412378,-1.2984694,Train
-1.4365523055620457,-1.1425146,Train
-1.4343642495221354,-1.3016803,Train
-1.430617563205061,-1.237728,Train
-1.4297472466533745,-1.2808263,Train
-1.4292287224440223,-1.42521,Train
-1.4147387012722719,-1.1211213,Train
-1.413159586678093,-1.2222599,Train
-1.4077603889692971,-1.3533007,Train
-1.4069181357793956,-1.34426,Train
-1.4057767251293474,-1.1261566,Train
-1.3967675913330062,-1.2353828,Train
-1.3959804409050345,-1.2093642,Train
-1.3886105893634397,-1.0020936,Train
-1.384729298865537,-1.220445,Train
-1.3834189462386166,-1.3000158,Train
-1.3830974222837034,-1.037546,Train
-1.3830593913112188,-1.1736418,Train
-1.381543554394167,-1.2225972,Train
-1.3780714026662275,-1.281537,Train
-1.3767381374994556,-1.2482489,Train
-1.3758776248466273,-1.1875602,Train
-1.3705575375803147,-1.1763197,Train
-1.3698903386149688,-1.2502247,Train
-1.367977720121428,-1.2615348,Train
-1.3658152799004348,-1.2422532,Train
-1.364177268191934,-1.0762795,Train
-1.3640463099043123,-0.9572017,Train
-1.361164697801056,-0.96397936,Train
-1.3569865885835943,-0.86866415,Train
-1.3506188873837628,-1.3027496,Train
-1.3490254917277655,-1.2249436,Train
-1.3450358000952085,-0.86652756,Train
-1.34099331749495,-1.0854021,Train
-1.334866561485197,-0.92248046,Train
-1.3328418934216852,-1.5072607,Train
-1.332388394335417,-1.2913859,Train
-1.3275973235805218,-1.0274268,Train
-1.326286937397758,-1.3289826,Train
-1.3237919516526224,-1.2764148,Train
-1.3184092385060153,-1.1018332,Train
-1.3147666622430398,-1.3794628,Train
-1.312564936264395,-1.2777462,Train
-1.3094779578248803,-1.0375215,Train
-1.305995591901636,-0.8941412,Train
-1.3017474150330155,-0.9993849,Train
-1.3001107155613527,-0.98337924,Train
-1.2967939151853631,-1.2332817,Train
-1.2956988166831669,-1.1155766,Train
-1.2898646167840404,-1.0221343,Train
-1.2879144391335078,-0.99230313,Train
-1.2824482161700037,-1.2271496,Train
-1.2803091938601983,-1.0997852,Train
-1.269910802396888,-1.0628998,Train
-1.2624861429780458,-1.1032568,Train
-1.2600172382578363,-1.0545954,Train
-1.2599684531460238,-1.0718849,Train
-1.2586449090053458,-1.1890138,Train
-1.2571080971441766,-0.97321486,Train
-1.2532311434847987,-1.1856397,Train
-1.25295937471062,-1.1230241,Train
-1.252288185142041,-1.124777,Train
-1.2519080213342704,-1.0685234,Train
-1.2464150670742724,-1.196002,Train
-1.2458097567775135,-0.8370514,Train
-1.244172170618115,-1.0762982,Train
-1.2417140779973257,-0.98276246,Train
-1.2409531534945124,-0.9593034,Train
-1.2386412916458032,-0.9026481,Train
-1.2384088665893689,-1.0359256,Train
-1.2339350795510182,-0.996683,Train
-1.231869842473062,-1.122645,Train
-1.229717756263388,-1.281047,Train
-1.2237589055583207,-0.99634767,Train
-1.223006969954113,-1.1258783,Train
-1.2219340625411397,-1.0405308,Train
-1.2217598990716947,-1.0303359,Train
-1.2208105788461168,-1.1931459,Train
-1.2206885067558841,-1.0688893,Train
-1.2190838953135046,-0.98412395,Train
-1.2184101534671543,-0.96493053,Train
-1.2173287569342697,-1.1243083,Train
-1.2146661856818022,-1.2770517,Train
-1.2141728059842976,-1.1845859,Train
-1.2047520589287675,-1.1371903,Train
-1.2046763244074805,-0.8485429,Train
-1.2022083567087714,-1.1662357,Train
-1.200091420244862,-0.9140003,Train
-1.1990762934517916,-1.0261093,Train
-1.199002522964176,-0.8680546,Train
-1.1964635963507748,-0.9822217,Train
-1.1946579360906309,-0.8974701,Train
-1.1942126536101525,-0.97127545,Train
-1.1937553922020698,-0.86177766,Train
-1.192615647650479,-1.0222733,Train
-1.1894966167712129,-1.230381,Train
-1.1885557465170622,-1.0188682,Train
-1.1884770311183699,-1.0627655,Train
-1.1853789472200176,-1.087308,Train
-1.1831719590750507,-0.8180523,Train
-1.1783806727492843,-0.69303155,Train
-1.1766833521047488,-1.0655133,Train
-1.1740958193440327,-0.52426565,Train
-1.1717540546632244,-0.8972875,Train
-1.1703232299496857,-0.75362825,Train
-1.1683901210380672,-0.9793776,Train
-1.1683597082588357,-1.2036506,Train
-1.1673114796432795,-1.1115106,Train
-1.1658478388403453,-1.179568,Train
-1.1656227106545445,-0.8808732,Train
-1.1624738455801304,-1.0288152,Train
-1.1585289733688242,-1.0268607,Train
-1.157339891559274,-0.9174342,Train
-1.153336625062872,-0.84690654,Train
-1.1506548674944148,-1.1904646,Train
-1.1505076808892252,-1.0729342,Train
-1.146145004365657,-0.96490383,Train
-1.1396963207140285,-0.7885598,Train
-1.1387014728355396,-1.0662912,Train
-1.138227764488485,-0.92181253,Train
-1.1373168179117306,-1.0359305,Train
-1.1370415633972324,-0.93572724,Train
-1.136466700960814,-0.9729203,Train
-1.1335240538292852,-0.96980715,Train
-1.1335048639543424,-0.8924303,Train
-1.133034709476138,-1.1009912,Train
-1.1330318572294649,-1.0299703,Train
-1.1302366656582934,-0.95928013,Train
-1.1289392269467906,-0.7496942,Train
-1.1257841199771177,-0.7750671,Train
-1.123092470552819,-0.6647054,Train
-1.1194711392059717,-0.83487594,Train
-1.115007737701095,-0.88869286,Train
-1.112507990076754,-0.99891865,Train
-1.1110303890261997,-0.7855357,Train
-1.1084665004244014,-0.8936541,Train
-1.108244545807894,-0.8893603,Train
-1.1077181390259179,-0.79236484,Train
-1.1065306114620146,-0.8365835,Train
-1.1031001655798138,-0.71212316,Train
-1.1022488263827293,-0.88125515,Train
-1.0941156932945464,-1.0992553,Train
-1.0930089336284121,-1.0200891,Train
-1.0898991880576998,-1.0155454,Train
-1.0876705345317206,-0.6083187,Train
-1.0872240720040898,-0.45138454,Train
-1.087158890795493,-1.0714446,Train
-1.0826895458389925,-1.1377623,Train
-1.080567236881216,-0.81514645,Train
-1.0800049426333467,-0.7760613,Train
-1.0791458454269958,-0.8603083,Train
-1.0741247763132378,-0.9373065,Train
-1.0739123708762335,-1.1594108,Train
-1.0738171943027577,-0.9144616,Train
-1.0720990131090244,-0.9273753,Train
-1.0712733685362477,-0.856413,Train
-1.0710531862783679,-0.88870144,Train
-1.0693544552715735,-1.1939429,Train
-1.0674540353438842,-1.1078584,Train
-1.066436600315538,-1.0735584,Train
-1.059930900202072,-1.2218282,Train
-1.0584817265433593,-0.66839194,Train
-1.0570860241208058,-0.861392,Train
-1.0549637100788107,-0.97700834,Train
-1.054751993045014,-0.76023173,Train
-1.053916082926323,-0.9786861,Train
-1.0533933744050068,-0.960711,Train
-1.0518487109849484,-0.63743126,Train
-1.0508216698338497,-0.91383994,Train
-1.0502586302395234,-0.7882215,Train
-1.049666588228224,-0.9193598,Train
-1.043830367860599,-1.0201468,Train
-1.0436698946667624,-0.77198994,Train
-1.0433174393423135,-0.80598855,Train
-1.0427968885634005,-1.0346323,Train
-1.040960897379945,-0.9950019,Train
-1.0398978858901882,-1.0027889,Train
-1.0395743089277762,-0.65174174,Train
-1.0390322702070822,-1.1557274,Train
-1.0371113507097212,-0.96739364,Train
-1.0350528980131566,-0.7010355,Train
-1.0347220185874715,-0.8270457,Train
-1.0341208031204283,-0.8457725,Train
-1.0280372441577488,-1.1115185,Train
-1.0280346715431028,-0.80284584,Train
-1.0262996209118274,-0.68569505,Train
-1.0221062539541417,-0.8454094,Train
-1.0195966698919428,-1.1729875,Train
-1.0145443241902012,-1.0379742,Train
-1.013320459715474,-0.8349334,Train
-1.0129131695674185,-0.9180745,Train
-1.0125271248439134,-0.8674793,Train
-1.0120917428624485,-0.86817276,Train
-1.011139134672658,-0.8850626,Train
-1.0080269390169694,-0.90777636,Train
-1.0038530629199713,-0.9563763,Train
-1.0020038126026505,-0.49747738,Train
-1.001065836794188,-0.611729,Train
-1.0000892702407658,-0.95831394,Train
-1.000018848727987,-0.5868095,Train
-0.9995451724115106,-0.905234,Train
-0.997034238489255,-0.8982332,Train
-0.9945821091485422,-0.86830664,Train
-0.9916763287034229,-0.38621992,Train
-0.9912888065059728,-0.8470682,Train
-0.9912840237814716,-0.62665045,Train
-0.9894383964783734,0.058104455,Train
-0.9894061625320145,-0.9451506,Train
-0.9892149994690295,-1.0274497,Train
-0.9883944553844206,-0.49185944,Train
-0.9825714372074124,-1.0350281,Train
-0.9792069336413427,-0.82938075,Train
-0.9782757249279281,0.66074944,Train
-0.9780512246431331,-0.6229347,Train
-0.9776735958267901,-0.8141097,Train
-0.9764566662263263,-0.37131408,Train
-0.9752889686404964,-0.9206848,Train
-0.9736853872608184,-0.79105365,Train
-0.9734620899021604,-0.46436846,Train
-0.9733261821276651,-0.86473536,Train
-0.9726350929272174,-0.33510768,Train
-0.9710044685884417,-0.8428781,Train
-0.9696623380695771,-0.62009263,Train
-0.9694963586669227,-0.8400217,Train
-0.9651952505061654,-0.86498606,Train
-0.9651059680673926,-0.87358534,Train
-0.9636455857402025,-0.72860277,Train
-0.9628257875104728,-0.7622402,Train
-0.9617054123067437,-0.9266006,Train
-0.9614261921016842,-0.65941346,Train
-0.959203778437277,-0.41516036,Train
-0.9572955913487277,-0.77916944,Train
-0.9566390494141329,-0.8518981,Train
-0.9564373874395973,-0.91809547,Train
-0.9551242354418774,-0.76526594,Train
-0.9495711008107658,-0.8659067,Train
-0.9437273863048232,-0.24947496,Train
-0.9371438808678069,-0.88396966,Train
-0.9322027117756911,-0.81888473,Train
-0.9318886661980175,-0.9295325,Train
-0.9302732777373258,-0.5182409,Train
-0.9280658589590376,-1.0691977,Train
-0.9252850236961202,-0.7987586,Train
-0.9233343599942828,-0.80363595,Train
-0.922599814960031,-0.8645917,Train
-0.9223555934994425,-0.9092411,Train
-0.9212721876833401,-0.7950883,Train
-0.921209054906445,-0.8823068,Train
-0.9206375429701291,-0.73006666,Train
-0.9187358367351168,-0.8766327,Train
-0.9177050520738125,0.45714697,Train
-0.9163787350002726,-0.8318728,Train
-0.9156956824242745,-0.95438707,Train
-0.9126880076275528,-0.7717384,Train
-0.9110180334699698,-0.9875051,Train
-0.9080556199131009,-0.50964034,Train
-0.9018075763080559,-0.899464,Train
-0.8995369098495307,-0.99226344,Train
-0.8938601783710077,-0.8281957,Train
-0.8915960009007692,-0.75114,Train
-0.8913110746770977,-1.0038806,Train
-0.8906669956877254,-0.7303139,Train
-0.8901611144049367,-0.9877988,Train
-0.8895428637548225,-0.77516806,Train
-0.8891734418842543,-0.7750001,Train
-0.8879431341792082,-0.6845856,Train
-0.8871185837302886,-0.8038268,Train
-0.8861603340914636,-0.8651165,Train
-0.8848346378010229,-0.7046877,Train
-0.8828575986979983,-0.6048845,Train
-0.8813382948522367,-0.69677925,Train
-0.8804215670104337,-0.81894577,Train
-0.8794532023185673,-0.69819784,Train
-0.8788043711100058,-0.7506046,Train
-0.8781369382706008,-0.9229994,Train
-0.8738928348779776,-0.45865446,Train
-0.8703698424886183,-0.64650023,Train
-0.8672381010626802,-0.17837556,Train
-0.8656763983921755,-0.777019,Train
-0.8655355757034934,-0.7724792,Train
-0.8645971016416013,-0.7627094,Train
-0.8565633060514527,-0.78802466,Train
-0.8553438612880137,-0.21290275,Train
-0.8552799135108659,-0.78472614,Train
-0.8447310510371057,-0.80476844,Train
-0.843737491499627,-0.8057562,Train
-0.8436867881121112,-0.2784199,Train
-0.843180911913541,-0.6775223,Train
-0.8396239076265541,-0.5680876,Train
-0.8386126941565927,-0.70637214,Train
-0.8385149246315964,-0.65037405,Train
-0.8378942737218484,-0.85235155,Train
-0.8378090520485257,-0.8682227,Train
-0.8361814665472487,-0.70673263,Train
-0.8358278062629748,-0.5878322,Train
-0.8348459302599969,-0.47870904,Train
-0.8347685230307678,-0.73582673,Train
-0.8345784022326096,-0.42930296,Train
-0.8341826227556199,-0.47768682,Train
-0.8341126196740377,-0.9149687,Train
-0.8339934832116644,-0.8322611,Train
-0.8332524583407197,-0.7053083,Train
-0.831919423489053,-0.8317081,Train
-0.8317746351098096,-0.5081381,Train
-0.8303494030368069,-0.43167144,Train
-0.8302418652024823,-0.85383415,Train
-0.8301195551708158,-0.15452968,Train
-0.8299302142918015,-0.845145,Train
-0.82561967643068,-0.6989231,Train
-0.8245352654645467,-0.98537254,Train
-0.8233451119017015,-0.23857346,Train
-0.8227996403165619,-0.6825259,Train
-0.8220159385141134,-0.66746676,Train
-0.8211472250165729,-0.5784199,Train
-0.8202185619714459,-0.84837294,Train
-0.8196116231994472,-0.68412423,Train
-0.8192894123665918,-0.5538096,Train
-0.8192704329783023,-0.7154323,Train
-0.8177898881651385,-0.78725326,Train
-0.8173974474945485,-0.49133274,Train
-0.8165841540141832,-0.53868663,Train
-0.815666445935021,-0.49172384,Train
-0.8155695356429795,-0.7645911,Train
-0.8145724268124481,-0.3806969,Train
-0.8106329148928844,-0.74310005,Train
-0.8106241619020246,-0.5364512,Train
-0.8085681730178269,-0.6230496,Train
-0.8082696566776548,-0.983541,Train
-0.8082063718826211,-0.71462584,Train
-0.8077181496165339,-0.76531065,Train
-0.807633883776321,-0.7495687,Train
-0.8073061123335077,-0.50589496,Train
-0.8072344568808587,-0.49066585,Train
-0.8037333932350383,-0.6724886,Train
-0.8033837799888249,-0.39000767,Train
-0.8028014523941355,-0.6907222,Train
-0.7989714662383959,-0.6828594,Train
-0.7988391545317647,-0.59954655,Train
-0.7975368237850594,0.05732678,Train
-0.7964374799602755,-0.12912585,Train
-0.7956441740687615,-0.93272007,Train
-0.794139606322389,-0.66572976,Train
-0.7928929508206355,-0.6118015,Train
-0.7907522980019032,-0.2982719,Train
-0.790270277465748,-0.641894,Train
-0.7855480155094701,-0.59860384,Train
-0.7854489581518845,-0.032933235,Train
-0.7833980997527454,0.0043055117,Train
-0.7814751877500881,-0.3133204,Train
-0.7806556416976039,-0.58246726,Train
-0.7787365184546986,-0.70468533,Train
-0.7774645094797111,-0.36491078,Train
-0.7771146018572368,-0.47057256,Train
-0.7756616150345221,-0.5920253,Train
-0.7743359828052371,-0.5634717,Train
-0.7726443244550326,-0.20115149,Train
-0.7721414428612582,-0.96263313,Train
-0.7661028894022329,-0.555797,Train
-0.7650449463700666,-0.47331378,Train
-0.7649753266385725,-0.16948637,Train
-0.7622935843227711,-0.6947626,Train
-0.7606641385058828,-0.71120095,Train
-0.7594096456810521,-0.57234514,Train
-0.7582356131587606,-0.8226882,Train
-0.7556572467358824,-0.4933301,Train
-0.754031328858328,-0.13744031,Train
-0.7532686721622138,-0.74895763,Train
-0.7521152597055771,-0.6950816,Train
-0.7520699527077556,-0.37980452,Train
-0.7517342127690232,-0.53989947,Train
-0.7512837103212381,-0.6564094,Train
-0.7505394701904073,0.19894874,Train
-0.7479126343856956,-0.60508716,Train
-0.7440811483854487,-0.5404098,Train
-0.7438697841964276,-0.55888855,Train
-0.7434979529146325,-0.7216089,Train
-0.7415643096516313,-0.8746747,Train
-0.7397791098126751,-0.47055814,Train
-0.7380319978894523,-0.46423998,Train
-0.7376293155687763,-0.35507214,Train
-0.736179774321054,-0.5687258,Train
-0.7327313709785152,-0.67990613,Train
-0.7326514673979201,-0.8141234,Train
-0.7312965571870098,-0.4785146,Train
-0.7247176305973264,-0.3319291,Train
-0.7243668088323357,-0.5369662,Train
-0.7230611631750583,0.21280047,Train
-0.7210254964213006,-0.5871806,Train
-0.720946679338235,-0.37552097,Train
-0.7190373091520016,-0.41011983,Train
-0.7185838324362954,-0.8000785,Train
-0.7183453317385525,-0.4045223,Train
-0.7183350585663107,-0.5783887,Train
-0.7180675676537197,-0.5109422,Train
-0.71771881058993,-0.44970432,Train
-0.7172467983382237,-0.32649451,Train
-0.7166398544820068,-0.55398923,Train
-0.7147864010411121,-0.42769232,Train
-0.7132048811030814,-0.38027075,Train
-0.7124647363103879,-0.5694094,Train
-0.7109753841052248,-0.58528244,Train
-0.7100054560161181,-0.49337944,Train
-0.708100353523035,-0.22052415,Train
-0.7077140205243315,-0.41483837,Train
-0.7064586354191242,-0.6351788,Train
-0.7036799304438291,-0.8196943,Train
-0.7030487516424846,-0.78487957,Train
-0.6995350648985543,-0.5206868,Train
-0.6978824141992405,-0.49984226,Train
-0.6963669952049635,-0.5253689,Train
-0.6958314963147428,-0.5629794,Train
-0.6954779534759206,-0.2923284,Train
-0.6943461316622813,-0.75887954,Train
-0.6908896784763251,-0.37030387,Train
-0.6903973257909914,-0.5697216,Train
-0.6880992894581077,-0.41391748,Train
-0.683264484254226,-0.2546032,Train
-0.6817070167378722,-0.41065922,Train
-0.679659018720156,-0.47936648,Train
-0.679559609026217,0.070754796,Train
-0.6795058754443742,-0.79471827,Train
-0.6792575047529302,-0.7157308,Train
-0.6775422602039001,-0.53572375,Train
-0.6752386485168246,-0.6155151,Train
-0.6733526286216701,-0.76036835,Train
-0.6714906438618499,-0.5657649,Train
-0.6705349139617968,-0.28434926,Train
-0.6702300270956327,-0.7009562,Train
-0.669556649279339,-0.36131057,Train
-0.6686601556109933,-0.77199304,Train
-0.6678463130350115,-0.3180352,Train
-0.6608924832786136,-0.44328183,Train
-0.6598506775565017,-0.47118926,Train
-0.6562012340393705,0.085873276,Train
-0.6559931857777648,-0.70775104,Train
-0.654371275281365,-0.7106303,Train
-0.6543107273212408,-0.39135948,Train
-0.6532215173611071,-0.79258895,Train
-0.646840809204655,-0.10642689,Train
-0.6435860571417186,-0.56095135,Train
-0.6434153417893741,-0.44418034,Train
-0.6396988633575197,0.11373982,Train
-0.6386349397589337,-0.4113715,Train
-0.6375455477837714,-0.8181591,Train
-0.6364794359374705,-0.21475384,Train
-0.6345970344807428,-0.39762262,Train
-0.6340606107711463,-0.7755424,Train
-0.6324543210281839,-0.47597605,Train
-0.6319869125364818,-0.5247556,Train
-0.6319650346351292,-0.06872636,Train
-0.6315279860467851,-0.2817526,Train
-0.628995974479195,-0.26246238,Train
-0.628432770156184,-0.459489,Train
-0.6273944018743135,-0.8034313,Train
-0.6270428398470844,-0.5064726,Train
-0.6269889486544634,-0.84906447,Train
-0.6263596377950573,-0.5792563,Train
-0.6252885251112742,-0.45989466,Train
-0.6241442540798031,-0.39994112,Train
-0.6222969184792323,-0.7623644,Train
-0.6216152991444771,-0.7473154,Train
-0.618030346907469,-0.4341589,Train
-0.6174355258622453,-0.3407045,Train
-0.6171908646167418,-0.332529,Train
-0.6158091504050107,-0.05578659,Train
-0.6130520223453234,-0.565859,Train
-0.6108798000876121,-0.25534567,Train
-0.6105722618014126,-0.43575543,Train
-0.6097144092117919,-0.8587779,Train
-0.6096357680426918,-0.48931283,Train
-0.6082685982553064,-0.6813779,Train
-0.6072234064435608,-0.5292473,Train
-0.6070732964126369,-0.5612365,Train
-0.6056818932053895,-0.8802283,Train
-0.6051130743797021,-0.5221107,Train
-0.604388934198956,-0.2501558,Train
-0.6033609117936545,-0.42284647,Train
-0.6027731923850665,-0.7404095,Train
-0.6014784172957247,-0.6094978,Train
-0.6012268872708001,-0.2174145,Train
-0.6010875832382341,-0.6073203,Train
-0.6010541341636135,-0.5926274,Train
-0.6001012092269999,-0.4283269,Train
-0.5990098191539008,-0.08999638,Train
-0.5976469180765092,-0.2920586,Train
-0.5966126573349013,-0.2584368,Train
-0.5938280292448571,-0.07932632,Train
-0.593673853364264,-0.36161703,Train
-0.592920146926694,-0.4256196,Train
-0.5926003022892072,-0.06497531,Train
-0.5924030884975844,-0.80705106,Train
-0.5918938262093808,0.18300757,Train
-0.5900284416325369,-0.69031,Train
-0.5899320921298143,-0.7114147,Train
-0.5895401786927005,-0.5197072,Train
-0.5883254180199209,-0.5767947,Train
-0.5861875955857212,0.08023177,Train
-0.5861226141869179,-0.2605483,Train
-0.5839437046563918,-0.3870706,Train
-0.5808270836967742,-0.76080775,Train
-0.5790021354362671,-0.6956868,Train
-0.5787966333513704,-0.7127547,Train
-0.5773090723164443,-0.5534924,Train
-0.5770341869162218,-0.33321726,Train
-0.5758215555142202,-0.35951856,Train
-0.5751526518103551,-0.505584,Train
-0.5737800347910877,-0.08874717,Train
-0.5731643867525104,-0.07872738,Train
-0.5708730259987381,-0.47233856,Train
-0.5694001075135775,-0.2548769,Train
-0.5684758657050043,-0.5769329,Train
-0.564647137384963,-0.705534,Train
-0.5619196548959102,-0.38399395,Train
-0.5575091521441707,-0.11832461,Train
-0.5553325437310138,-0.50061375,Train
-0.5550473699058935,-0.32363847,Train
-0.5531343985675772,-0.36308256,Train
-0.5494343635157406,-0.35194385,Train
-0.5485313844180617,-0.19198167,Train
-0.5485124421445678,-0.24100122,Train
-0.5437205253756868,-0.37282202,Train
-0.5422622631676819,0.00575535,Train
-0.5391356451088963,-0.26960763,Train
-0.536454114296592,-0.47288573,Train
-0.5362739331459305,-0.39155203,Train
-0.5356152624489793,-0.71832216,Train
-0.5345945867396539,-0.4979788,Train
-0.5337084364057676,-0.18900903,Train
-0.5335687205514896,-0.27299887,Train
-0.5315151741259402,-0.20803574,Train
-0.5303021781854607,-0.41837654,Train
-0.5300676462288105,-0.27333593,Train
-0.5292272787756129,-0.1502003,Train
-0.5281046294008735,-0.25718492,Train
-0.5278050855401083,-0.35562465,Train
-0.5262366132324466,-0.8431649,Train
-0.5256932912549606,-0.69457483,Train
-0.5244772173284992,0.16094548,Train
-0.5223620094989371,-0.33127058,Train
-0.5204660702931604,-0.5468604,Train
-0.5184855042676453,-0.39547217,Train
-0.5183457492648835,-0.2654726,Train
-0.5172384135567742,-0.04410369,Train
-0.5169467370159766,-0.13271955,Train
-0.5158130747151793,-0.21955374,Train
-0.5150455900450176,-0.4574566,Train
-0.5149433581012957,-0.15516946,Train
-0.5130836068387366,-0.22622056,Train
-0.5107171709868387,-0.25726682,Train
-0.5100953761278908,-0.62202156,Train
-0.5050024512432679,-0.07392366,Train
-0.5042418216251371,-0.8165232,Train
-0.5036163646034819,-0.07387701,Train
-0.5011667560183849,-0.42504135,Train
-0.5006521192026273,-0.13181779,Train
-0.5000999832236575,0.1562568,Train
-0.4992560064836268,-0.26664555,Train
-0.4989373769744016,-0.48336512,Train
-0.4981532394544132,-0.041203726,Train
-0.4971961317311007,-0.13807243,Train
-0.497010079324721,-0.4474041,Train
-0.49598855200876857,-0.35856104,Train
-0.4959264874262157,-0.25919318,Train
-0.49585682854623736,-0.31474802,Train
-0.49354772539457786,-0.24190864,Train
-0.4925412636353839,-0.11431096,Train
-0.49015449090881197,-0.5952723,Train
-0.488625225553413,-0.74867105,Train
-0.48819402940917833,-0.22460148,Train
-0.4870000636991748,-0.63589513,Train
-0.48668814840912344,-0.58804584,Train
-0.48617649806341146,-0.37081826,Train
-0.48538898818117976,-0.12658747,Train
-0.48209495341112213,-0.40109667,Train
-0.48059950675304114,-0.32263696,Train
-0.4790651083704741,-0.47992647,Train
-0.47198257314374653,-0.41821367,Train
-0.4711726754130301,-0.40404928,Train
-0.4700547711395743,-0.13640654,Train
-0.46968367554422047,0.6183313,Train
-0.4678525250453594,-0.18081085,Train
-0.4618295033659447,-0.3991542,Train
-0.45857492060748994,-0.13542636,Train
-0.45812258275676543,-0.41083485,Train
-0.457518106271868,-0.45965588,Train
-0.45721513768140787,-0.17845699,Train
-0.4566045433561866,-0.34496242,Train
-0.4527142909060369,-0.22104746,Train
-0.45215647432954864,-0.26101416,Train
-0.4516983486042916,-0.22451869,Train
-0.45075788508763476,-0.026101917,Train
-0.45062035544738455,-0.24114628,Train
-0.44987796800583635,-0.24071354,Train
-0.4472827743444306,-0.58079803,Train
-0.445833816256589,0.8804209,Train
-0.44514257554642506,-0.53114796,Train
-0.44341320652951216,-0.116259284,Train
-0.44296175790863274,-0.40626863,Train
-0.4416451740633121,-0.30264586,Train
-0.4415905812485145,-0.4817276,Train
-0.44080455443286837,-0.17646757,Train
-0.4331380356814312,-0.06566708,Train
-0.4307861183243633,-0.64704204,Train
-0.42912826494408624,-0.0926361,Train
-0.428997680346537,-0.1571504,Train
-0.4289164223300885,0.042642593,Train
-0.4279136364609922,-0.41223806,Train
-0.426807551470675,-0.13892904,Train
-0.4263414079325781,-0.3577435,Train
-0.42403073934999014,-0.43187988,Train
-0.42258373817791434,-0.39170936,Train
-0.42207212545542044,0.2973233,Train
-0.4214120987973505,-0.64028895,Train
-0.42095786961728104,-0.5400789,Train
-0.4194974089931238,-0.40036485,Train
-0.41897281473510367,-0.2538224,Train
-0.41834284241884917,-0.019326635,Train
-0.41805664158155764,-0.21983406,Train
-0.41761218884556617,-0.2182414,Train
-0.41420316836925647,-0.13088144,Train
-0.4140791759696329,-0.5524893,Train
-0.41352382168024593,-0.19472775,Train
-0.41203708428874364,-0.42416054,Train
-0.4118114263273576,-0.2991947,Train
-0.4105036498740364,-0.30215195,Train
-0.4102320595559329,0.17519572,Train
-0.40865218385421975,-0.48611927,Train
-0.40861829296099655,0.015640497,Train
-0.40714429306252503,-0.34678417,Train
-0.40649554726883685,0.29512984,Train
-0.40636251004420176,-0.07651153,Train
-0.4043583446008927,-0.19283694,Train
-0.40380673077118034,-0.47727063,Train
-0.4036514892383538,0.032041863,Train
-0.4027342234862163,-0.00947988,Train
-0.4006813532617497,-0.37486207,Train
-0.4004047493956172,-0.50564003,Train
-0.39996202275186377,-0.388559,Train
-0.3992202520260401,-0.44784397,Train
-0.39753994826138833,-0.06308676,Train
-0.39733562724048854,-0.5221946,Train
-0.397333025645796,-0.01325652,Train
-0.39676863822510045,-0.080339,Train
-0.3938956311619407,-0.28835928,Train
-0.39061141198444443,-0.2187531,Train
-0.39053649551394115,-0.06365414,Train
-0.38736142535966567,-0.043193195,Train
-0.38665514298857073,0.12162693,Train
-0.3860915232848945,-0.44529292,Train
-0.3851924808977303,-0.26103723,Train
-0.3839105561710731,-0.13344748,Train
-0.37825405276494506,-0.30456117,Train
-0.3774364900661632,0.06952445,Train
-0.3769787527752129,-0.64858055,Train
-0.37663609016434163,-0.09685395,Train
-0.3762197450228375,-0.46835187,Train
-0.37467161467406845,-0.073691055,Train
-0.37249553298596627,-0.38861057,Train
-0.372041349563865,-0.28002667,Train
-0.3719905139866633,-0.73446417,Train
-0.37106986722911095,0.12204802,Train
-0.370275622282409,-0.4658624,Train
-0.3695567813827812,-0.2925291,Train
-0.36737958014972766,-0.22532621,Train
-0.36566082952350387,-0.46421066,Train
-0.3645953501540053,-0.40857232,Train
-0.36371379595379555,0.20993125,Train
-0.3624893513697178,-0.11416668,Train
-0.3622760195880721,-0.11555645,Train
-0.36064353289999806,-0.23857248,Train
-0.3592811809182225,-0.16194406,Train
-0.35926097775849924,0.06630282,Train
-0.35792797697109774,-0.27421728,Train
-0.3568607928630798,-0.021331973,Train
-0.3549253543624668,-0.09569118,Train
-0.3536009865783645,-0.34464303,Train
-0.352755960455601,0.06627089,Train
-0.35253234482485424,-0.25236344,Train
-0.35206391033782486,-0.36763555,Train
-0.35052853731053923,0.07988086,Train
-0.3492782211713449,-0.6347215,Train
-0.34784118201732794,-0.7313212,Train
-0.34710041796680086,-0.25105965,Train
-0.3468710927584892,-0.14705981,Train
-0.34653079735982983,-0.20345756,Train
-0.3462579969976833,-0.535215,Train
-0.3458074564182583,-0.39835086,Train
-0.34529338700130363,-0.2221371,Train
-0.34487727420859293,-0.26276332,Train
-0.34467487807288094,-0.2216576,Train
-0.34457640336675516,-0.07899805,Train
-0.3387897256595241,-0.05925721,Train
-0.3384014113408054,-0.15270364,Train
-0.3383820150465848,-0.14891942,Train
-0.33823171740799196,0.074012965,Train
-0.3378709056617392,0.1003104,Train
-0.3354475143586285,-0.23566966,Train
-0.33538880180144387,-0.34244722,Train
-0.3305279633642915,-0.8545685,Train
-0.3298130612088661,-0.41886428,Train
-0.32839494043251516,-0.09250461,Train
-0.3275221275294622,-0.17655197,Train
-0.32747527391232195,-0.43642616,Train
-0.3268512257276603,0.024289712,Train
-0.3265407884199758,-0.73871505,Train
-0.32649375431307237,-0.19942015,Train
-0.3264056585309365,-0.22858495,Train
-0.3226012307424438,-0.16904458,Train
-0.3221065820239592,-0.26490146,Train
-0.3219200318725721,-0.35663182,Train
-0.31432240631778124,-0.39924735,Train
-0.31286264884106635,-0.4627508,Train
-0.3127277899408819,-0.17553505,Train
-0.31242522808791506,-0.24005307,Train
-0.31166228870924345,-0.56081927,Train
-0.3107448480599833,-0.29630965,Train
-0.30618205668962,-0.34859782,Train
-0.30558279712149883,-0.2468415,Train
-0.30503879741766415,-0.2083129,Train
-0.2996108057448607,-0.28837508,Train
-0.2985165735935255,-0.20143387,Train
-0.29780799112190515,-0.16736674,Train
-0.2940584240865334,-0.1730902,Train
-0.2933695734675655,0.1673845,Train
-0.29285094401488726,-0.55894935,Train
-0.2918754604000414,-0.69853795,Train
-0.28970648695805906,-0.16978057,Train
-0.2873208815680934,-0.111655936,Train
-0.2845589153659208,-0.394866,Train
-0.2845572782475096,-0.26556128,Train
-0.2844446307734229,-0.1423314,Train
-0.28293253329920237,-0.21472067,Train
-0.2823951212174966,-0.27740026,Train
-0.2812276524215062,-0.06562157,Train
-0.28062944172769644,-0.20595628,Train
-0.27812173526745165,-0.33613318,Train
-0.27719682945992047,-0.22753789,Train
-0.27704983808872774,0.44922742,Train
-0.27592200077725915,-0.557927,Train
-0.2746578489538019,-0.04677817,Train
-0.27343428088902244,-0.20634308,Train
-0.2703928250182013,-0.07157443,Train
-0.2701328363786774,-0.2178762,Train
-0.2700250138281073,-0.18734281,Train
-0.2699895295407538,-0.2233149,Train
-0.2697423073743068,-0.005059354,Train
-0.2690745938860316,-0.3963869,Train
-0.26675801337397625,-0.13085577,Train
-0.26458366286233037,-0.047032915,Train
-0.26403431456045634,-0.13737622,Train
-0.2635492953521302,-0.080728255,Train
-0.2630410448234418,-0.3072794,Train
-0.2625272082637025,-0.22899629,Train
-0.26217467362544206,-0.47901648,Train
-0.2621496216463744,0.033310473,Train
-0.26131996715033373,-0.27351704,Train
-0.2601050031088073,-0.25187743,Train
-0.25958743829151787,-0.15200585,Train
-0.25925464719961333,0.063313276,Train
-0.2589415798256116,-0.8004054,Train
-0.25893237738982144,0.003183961,Train
-0.25622552411801636,-0.28552997,Train
-0.2556948450670932,0.0693246,Train
-0.25523758111690087,-0.13852346,Train
-0.25293488713129475,-0.23099427,Train
-0.25245490638366963,-0.009169094,Train
-0.25173042403500645,-0.03558468,Train
-0.250144911968477,-0.0026352257,Train
-0.2494375975009927,-0.1456052,Train
-0.2473832086204097,-0.04103715,Train
-0.24649497121476033,-0.25549272,Train
-0.2463942619945291,-0.17019421,Train
-0.24606363525451203,-0.079424866,Train
-0.24386531214342172,-0.21952164,Train
-0.24231668964228595,-0.24801677,Train
-0.2396321408377798,-0.29426146,Train
-0.2374222343512967,0.07689342,Train
-0.23731055287875755,-0.19502959,Train
-0.23562076043680436,-0.14152579,Train
-0.23553136767048588,-0.22869678,Train
-0.23494331016135694,-0.20384195,Train
-0.23290546736200926,-0.5972408,Train
-0.23082985339375098,-0.5016041,Train
-0.23042044160124492,-0.6485367,Train
-0.23015921647974105,-0.34536064,Train
-0.23010757403703716,-0.17043132,Train
-0.22789812207970314,-0.19358858,Train
-0.22781213268936168,-0.2536827,Train
-0.22700474859635475,-0.22903511,Train
-0.22636301139810086,-0.04895508,Train
-0.22600099316675804,-0.16371551,Train
-0.225791974327809,-0.06663278,Train
-0.22542235925693163,-0.06321399,Train
-0.22518180199273738,0.07835229,Train
-0.22217614715609224,-0.06497844,Train
-0.22137184613328592,0.062943965,Train
-0.2190906843221632,-0.28754288,Train
-0.21802320482104057,-0.4585583,Train
-0.21660710095423524,-0.03230325,Train
-0.2165774258951322,0.021746218,Train
-0.2160317234864659,0.044207618,Train
-0.21542246936128545,-0.35814744,Train
-0.21504912857496788,-0.24011174,Train
-0.21394121631646137,-0.00039042532,Train
-0.21028493249153368,-0.16068912,Train
-0.209546212805333,-0.06752504,Train
-0.20829680470759254,-0.20351717,Train
-0.2071280074052643,0.056725606,Train
-0.20659638624862206,0.2615956,Train
-0.20607829267259156,-0.10800641,Train
-0.20580985253637513,0.14848535,Train
-0.20259418082865596,0.1581681,Train
-0.19821026091422547,-0.24310891,Train
-0.1953771237854425,-0.42740256,Train
-0.19527359384069448,-0.51195025,Train
-0.1948804001973196,0.47466227,Train
-0.19394301161611324,0.35506532,Train
-0.19375728663341577,-0.2593031,Train
-0.19318190255616205,-0.32813817,Train
-0.19032623572919344,-0.12092038,Train
-0.1889497989364404,0.24247152,Train
-0.18888468687321738,0.16867399,Train
-0.1857010762484229,-0.24020371,Train
-0.17818769416328278,-0.2916882,Train
-0.17755057038504934,0.0051662624,Train
-0.1765419020749531,-0.12520528,Train
-0.17506262984172227,-0.24478884,Train
-0.17384482575564789,-0.20639461,Train
-0.17361853379219383,0.24061033,Train
-0.1736049828241765,0.47647348,Train
-0.17320471601578988,-0.11536569,Train
-0.1723887853512011,-0.265892,Train
-0.1723658229860062,-0.123351865,Train
-0.1722025636403397,0.7427745,Train
-0.170282693525712,0.1666865,Train
-0.16741298764573367,0.3830914,Train
-0.16223910878093856,-0.07781926,Train
-0.15777791026801102,-0.19661409,Train
-0.15753899418960285,0.0832904,Train
-0.15584217535744951,0.1558007,Train
-0.1558182490243952,-0.52961165,Train
-0.15503892270053268,0.0007925555,Train
-0.15485761641228032,0.05844176,Train
-0.15456407396323135,-0.18215548,Train
-0.15384236200532092,0.0017961338,Train
-0.1537210139078271,-0.45990422,Train
-0.15227498077098553,0.34501788,Train
-0.1516260565212218,-0.3776903,Train
-0.15151856597013108,-0.23389845,Train
-0.15128865404298486,-0.6773721,Train
-0.15053407464506993,-0.11811147,Train
-0.14969491977802482,0.07235007,Train
-0.14812357031101853,-0.16305158,Train
-0.1427305885679668,-0.66489744,Train
-0.14164587915819782,-0.34487605,Train
-0.13998628189091758,0.022934683,Train
-0.139117516025925,0.71496356,Train
-0.13855774507578053,-0.32023767,Train
-0.13842977885084554,-0.3541331,Train
-0.13583206595908925,-0.21074319,Train
-0.13453604523617355,-0.40418,Train
-0.13232334039573537,-0.19072708,Train
-0.13136182007904068,-0.30347332,Train
-0.13039801999869513,-0.038129244,Train
-0.13017392289244037,-0.28386974,Train
-0.12889708543498302,-0.24647716,Train
-0.12513309599651432,-0.31925023,Train
-0.1248627223319381,0.004718341,Train
-0.12424354787929166,-0.03296949,Train
-0.12299609212152027,-0.18143108,Train
-0.11870481836493389,-0.2583788,Train
-0.11807236545839075,-0.6327208,Train
-0.1176091743260746,-0.05571575,Train
-0.11758992903314831,-0.1665315,Train
-0.11750646599106321,0.113327965,Train
-0.11531935612424671,-0.17293924,Train
-0.11485853932204834,-0.07858475,Train
-0.11465078950407878,-0.060189232,Train
-0.11408911756457397,-0.24922188,Train
-0.11368856400625466,0.06222084,Train
-0.11323178763263281,-0.16018653,Train
-0.11138425374753415,-0.10988793,Train
-0.11005355001012661,0.5194411,Train
-0.10966065786091887,-0.2275964,Train
-0.10762234883871953,-0.2055199,Train
-0.10623527738577761,-0.25781548,Train
-0.10578025506759615,-0.32347566,Train
-0.1048273184372795,-0.11418724,Train
-0.1046058564815606,-0.32697517,Train
-0.10451298814336035,0.07716924,Train
-0.10413022274089691,0.04652998,Train
-0.10390874248199063,-0.16096511,Train
-0.10294097976161475,0.12983066,Train
-0.10257000822119679,-0.32145283,Train
-0.10086188869620898,0.06886843,Train
-0.0996883376494256,0.6515858,Train
-0.09900158986329917,-0.08649511,Train
-0.09892422991730349,0.14949301,Train
-0.09877697925095884,0.3999088,Train
-0.09853771083619668,-0.5246287,Train
-0.09826702042479786,0.10110153,Train
-0.0973145057846304,-0.16019966,Train
-0.09601261685652777,0.123568445,Train
-0.0929447927024251,-0.43428677,Train
-0.09228383919129193,-0.09611211,Train
-0.09142591084681317,-0.27576542,Train
-0.0896775924385006,-0.26882175,Train
-0.08916315746622373,-0.06854935,Train
-0.08369245835660415,-0.33821422,Train
-0.08359640068803294,-0.056313857,Train
-0.0828858475732566,-0.1559318,Train
-0.0827077504438274,-0.21606173,Train
-0.08205210638224975,0.10436645,Train
-0.07977269049181776,-0.20517874,Train
-0.07646198100979268,-0.15071139,Train
-0.07591258898363855,-0.13176562,Train
-0.07512817539057574,-0.047666255,Train
-0.07089712217043122,0.07132284,Train
-0.07051307757855059,-0.08745669,Train
-0.06951558946530678,-0.10142077,Train
-0.06918726384265893,-0.06283749,Train
-0.06907107266816015,-0.21473524,Train
-0.06623846938233775,0.2347911,Train
-0.06588871428642351,-0.4369748,Train
-0.06533998168343061,0.0724466,Train
-0.06495478399075583,-0.022592783,Train
-0.06490458089035643,-0.0024992898,Train
-0.06436805193743374,0.044038206,Train
-0.06403719132335751,-0.29509395,Train
-0.06392746524131797,-0.047303528,Train
-0.06385251877392435,-0.12873755,Train
-0.06199854826799111,-0.48205054,Train
-0.05703515249712212,0.10833624,Train
-0.05699441265293097,0.46938363,Train
-0.05645842771140522,-0.43704507,Train
-0.056067210812248754,-0.2547788,Train
-0.05493308940650607,-0.3042425,Train
-0.054596999165107254,-0.12613745,Train
-0.0539006879636651,-0.07478831,Train
-0.05367024880304314,-0.0519891,Train
-0.05364783756715234,-0.22713576,Train
-0.050924648700764616,-0.22176138,Train
-0.046786745484534396,0.0060324743,Train
-0.04604944734587367,0.14645804,Train
-0.0439344530534958,-0.52099574,Train
-0.04241248914452711,-0.028731085,Train
-0.03895064973731291,-0.03927561,Train
-0.03742776355107729,0.33283138,Train
-0.036553405045549416,0.19171846,Train
-0.03533448548189897,-0.32955086,Train
-0.033877190800706294,0.20471126,Train
-0.03329106529467143,0.32334495,Train
-0.032966271678732714,-0.48042747,Train
-0.03262964708595188,0.41727778,Train
-0.032015775473377056,-0.16624884,Train
-0.03152022989871958,-0.16786253,Train
-0.030615962968451454,0.2721588,Train
-0.030132020597639413,0.07747069,Train
-0.029806109470437457,-0.35601285,Train
-0.02755807490289349,-0.009961158,Train
-0.026958726869366928,0.2748027,Train
-0.026901146059258103,0.2956545,Train
-0.02529192984003003,-0.073215894,Train
-0.021074977191940764,0.23522982,Train
-0.01933837943292465,-0.37059614,Train
-0.017332094378852927,0.3496676,Train
-0.016372598598032036,-0.054404657,Train
-0.016340018924803572,-0.034726635,Train
-0.01595542167835355,-0.19067073,Train
-0.014259365479000821,-0.07429384,Train
-0.013528766306858009,-0.12297066,Train
-0.012546803872162313,-0.086686514,Train
-0.012450927201776228,-0.058707636,Train
-0.012106995061503072,-0.19677776,Train
-0.01195389093420506,-0.33955228,Train
-0.010889365364128547,-0.14820042,Train
-0.010248840243605733,0.09525177,Train
-0.009673635639270978,-0.15401031,Train
-0.00696292852971461,-0.111865506,Train
-0.0066942682468301325,-0.2876461,Train
-0.004629492307507118,0.048804477,Train
-0.0033580786945257733,-0.17877483,Train
-0.0014394247250035194,-0.32764065,Train
-0.0005383049260915351,-0.21621901,Train
-0.0005082876990722643,0.61998665,Train
0.003030748959139858,0.07643531,Train
0.003114945145557121,-0.06610747,Train
0.004517767507934291,0.28089327,Train
0.005642891880321289,0.54931676,Train
0.005871535803331404,0.62517464,Train
0.006184286430510036,-0.3258076,Train
0.006415011832643241,0.10769349,Train
0.010071176686854172,-0.011764951,Train
0.010394482151988741,-0.2758518,Train
0.012142305865825029,-0.17148183,Train
0.01482033873568555,0.03794612,Train
0.016033361622524434,0.294253,Train
0.01626899532935998,0.14380254,Train
0.01695134475791628,0.1412757,Train
0.01810211850506468,0.10862088,Train
0.018308773690755096,0.014228128,Train
0.018395156091199655,-0.5872274,Train
0.018415232145456033,-0.053843606,Train
0.021702703189212677,-0.026321195,Train
0.022027137350891585,-0.22026634,Train
0.022202885062873805,0.13027725,Train
0.023063232987017082,0.23813474,Train
0.0233822610989859,0.7711326,Train
0.023630620096727315,-0.2899878,Train
0.023985838694022387,-0.069532424,Train
0.025125043301590544,0.09374343,Train
0.026100686052480775,-0.26193583,Train
0.02792906260163617,0.11174522,Train
0.027930384498490092,0.008181684,Train
0.028060698615606318,0.38826585,Train
0.02808870859309533,0.07566738,Train
0.02826478525402508,-0.23042053,Train
0.02907252219180789,-0.19788754,Train
0.029391434892012864,-0.24505672,Train
0.030313937389379236,0.0030878186,Train
0.03034839466456202,0.14168325,Train
0.031730007700341296,-0.13931832,Train
0.03263234974542118,0.20982546,Train
0.03448764570716126,-0.05116792,Train
0.03546731007501873,0.106255785,Train
0.03765715423463519,-0.20629354,Train
0.03791537305764039,-0.151704,Train
0.04463582039922904,-0.43036482,Train
0.04830786021781107,0.49675593,Train
0.04907427567678678,0.27729842,Train
0.050148267553602084,0.16336218,Train
0.050447336548343644,-0.14141981,Train
0.05084801873739508,-0.018194795,Train
0.05095061318590835,0.18612659,Train
0.05283243860066103,-0.09501959,Train
0.05353369776371172,0.48117957,Train
0.057472614829691286,0.2497836,Train
0.05777755965594795,0.096744746,Train
0.057976256005734444,0.1460948,Train
0.058639150163133674,-0.15236923,Train
0.05911307560632472,0.10672845,Train
0.059800706012812344,0.12622224,Train
0.06252518779600699,0.15921172,Train
0.06270421686271802,-0.024873957,Train
0.06345827767032922,0.011008352,Train
0.06635772928004956,0.48565254,Train
0.06641639099504779,0.22622567,Train
0.06689966326583942,-0.06958905,Train
0.06763321230165396,0.045191586,Train
0.06940320371730699,-0.15813981,Train
0.07026883414464687,0.084281236,Train
0.07035375229011474,0.10851829,Train
0.0705618463096882,-0.08269328,Train
0.07067707148263995,0.112683415,Train
0.07238646765493541,0.3695243,Train
0.07380226087597969,-0.07653307,Train
0.07527555406805649,-0.120032,Train
0.07646024667162993,0.16466635,Train
0.07824754781816227,-0.13271028,Train
0.07858288254466674,0.2987673,Train
0.0787264761325235,-0.41406482,Train
0.07872811630146576,0.4104803,Train
0.08018893790514849,0.3908719,Train
0.08139990219184837,0.64376736,Train
0.08332468569539705,0.22540304,Train
0.08347916815437637,0.47797528,Train
0.08471600196250571,-0.50548685,Train
0.08572530274940383,-0.39433286,Train
0.08829166228147482,0.096369594,Train
0.08924901353886133,0.17884782,Train
0.09141227791170028,-0.048233017,Train
0.09290692126323201,0.27643898,Train
0.09810349608016347,0.028262198,Train
0.09971758806509487,0.6277137,Train
0.10000405429860068,-0.34748816,Train
0.10342763546875527,0.25826913,Train
0.10449529240910965,0.2900625,Train
0.1052806028583453,0.040175676,Train
0.10569961873991573,0.47890297,Train
0.10587985581698257,0.22588077,Train
0.10760134175284966,-0.47576347,Train
0.10838196404405102,0.104694545,Train
0.108645487740815,0.5532346,Train
0.10878544763758898,0.27375305,Train
0.11083022581962282,0.45766214,Train
0.1132617076399006,-0.08011203,Train
0.11451869935820688,-0.07686425,Train
0.11512384645154661,0.030085728,Train
0.11570504229916032,0.27424097,Train
0.11759850854097653,0.40151718,Train
0.11858890111864642,0.053449243,Train
0.11875067383877451,0.1412757,Train
0.12039646033446365,-0.39984053,Train
0.12061833309505066,0.22917584,Train
0.12110695701441307,1.0399663,Train
0.12306804997400522,0.6073469,Train
0.12356395042712577,0.70914197,Train
0.12469417986347807,-0.1919957,Train
0.12847943506337203,0.3366939,Train
0.1293655381140243,0.3047116,Train
0.12989898450516876,0.22871828,Train
0.13160686659714455,0.5680331,Train
0.13214596663944797,0.2242524,Train
0.1325035804121582,0.20925853,Train
0.1328548221336113,0.34461534,Train
0.13435796019769425,0.055190116,Train
0.13436905904704805,0.28001902,Train
0.13440480873061583,0.28056073,Train
0.1355209081064444,0.3888414,Train
0.1366375403083893,-0.00888598,Train
0.13761791646686009,-0.24849883,Train
0.13840134168781323,0.44960025,Train
0.1384911767811559,0.097778425,Train
0.13940037896248528,0.2452415,Train
0.14039771302390333,-0.31036925,Train
0.1408091259648772,0.041520625,Train
0.14177823905373163,-0.34478575,Train
0.14314834802792958,-0.14571759,Train
0.14341252758890147,-0.030336417,Train
0.1437131182902909,0.6032603,Train
0.1447363274657785,-0.18655996,Train
0.1447890543723247,0.1826599,Train
0.1454578528328637,0.04430957,Train
0.14626568230342624,-0.40947348,Train
0.14761118365926837,-0.05107958,Train
0.1476377334491555,0.09399709,Train
0.14892137816698836,0.018754467,Train
0.1504724258404292,-0.07154278,Train
0.15174162324249332,0.02979219,Train
0.15443917595308793,0.59590507,Train
0.15472341936619216,0.48292807,Train
0.15604051163337973,0.4233019,Train
0.15688315274916578,-0.27802193,Train
0.15720258403967496,0.41689405,Train
0.1577860271119405,0.08134265,Train
0.1578926365679362,-0.46326098,Train
0.15819017673812408,0.7123636,Train
0.15850384913414728,0.07622273,Train
0.16013312107075717,-0.27540195,Train
0.1607154135843381,-0.07143643,Train
0.16122138638306277,-0.0956518,Train
0.16134335983945308,-0.08416126,Train
0.1618991483211146,0.610515,Train
0.16427945748049305,-0.022032939,Train
0.16431474704227164,0.31181023,Train
0.1650543462983016,0.08551246,Train
0.16507014296570505,0.07210606,Train
0.1658444120172581,-0.1684574,Train
0.16609077139179698,-0.15244195,Train
0.16653533852270808,-0.09097859,Train
0.16742440770653225,0.14720649,Train
0.16830571786424556,0.024964504,Train
0.16920741421355484,0.030975625,Train
0.1694799303678778,0.32389098,Train
0.17094458852296782,0.22900724,Train
0.1720541948431349,0.28567627,Train
0.1745496351174196,0.49126902,Train
0.1761835382688145,-0.1006019,Train
0.1776375810837464,-0.0554674,Train
0.18000120027850192,0.35038972,Train
0.18002397096865297,-0.04435822,Train
0.1808062151256092,0.52486646,Train
0.18182274719671965,-0.1559567,Train
0.18188043579226457,0.56798387,Train
0.18348608797420596,0.14402652,Train
0.18407126984925598,0.09892614,Train
0.18452069596794876,-0.05101909,Train
0.18473130667576323,0.09302826,Train
0.18616684598527297,0.24372804,Train
0.18675319519692926,0.16149634,Train
0.18697053537657346,0.2785917,Train
0.1872748070522787,-0.12918347,Train
0.19178759513203608,0.14727843,Train
0.19193903722825156,-0.03842968,Train
0.19205960489817975,-0.017199285,Train
0.19414720491194973,0.59367394,Train
0.19433748179562077,-0.31767696,Train
0.19463792505466881,0.1423651,Train
0.19470526248040249,-0.41901693,Train
0.19584683531702643,0.19259772,Train
0.1959972315894615,0.044222817,Train
0.19848164521029807,0.5641329,Train
0.19849320672355014,-0.12669276,Train
0.1994149638744599,0.19560087,Train
0.20149866480093276,-0.3387612,Train
0.20213548352604613,0.18487829,Train
0.2029562579257607,0.01908832,Train
0.20492976858102954,0.8638811,Train
0.20526872988071007,0.5137141,Train
0.20676156985987987,0.06630051,Train
0.20803512799629603,-0.027470097,Train
0.20826715444998625,-0.1786803,Train
0.21122962901747924,0.1873478,Train
0.21165520862535064,-0.043970026,Train
0.2126284312881549,0.025430605,Train
0.21386228116834777,-0.028984755,Train
0.21388432989944775,-0.028242499,Train
0.21487391052739593,-0.5111146,Train
0.21531411387342445,0.09961036,Train
0.21657982858570055,0.063945666,Train
0.2168148374420615,0.088054955,Train
0.2172048229434566,0.13734823,Train
0.21894511692944443,0.08154678,Train
0.21987931007921782,0.13277902,Train
0.22354035934230362,0.26218134,Train
0.22361405509190468,0.32442415,Train
0.22463167518581034,0.13686582,Train
0.22577937806488263,0.07006003,Train
0.22716114820301866,0.2752454,Train
0.22728837264044993,0.38467044,Train
0.22743619121402034,-0.0064118654,Train
0.22968324300209564,0.032912284,Train
0.23024499527225528,-0.07187696,Train
0.23070498588891938,0.17855287,Train
0.23085419245418598,0.6215427,Train
0.23111539317144048,0.20275721,Train
0.23241894718115755,0.081719354,Train
0.23334610224702731,-0.20876226,Train
0.23443863271037418,0.2900876,Train
0.2354679734535763,-0.1745857,Train
0.23556386944399357,-0.024653532,Train
0.23557698113551817,0.03436844,Train
0.23626515351971555,0.1625404,Train
0.23702591888648475,-0.079774685,Train
0.23795295650690348,0.09828614,Train
0.23969853757188508,0.52128327,Train
0.2398047631693716,0.08114283,Train
0.23981921404409323,0.024680741,Train
0.24010517439784165,-0.08882527,Train
0.24132064126859443,0.2021015,Train
0.24466461170914902,-0.003230624,Train
0.2450612605875307,0.2929234,Train
0.24514797854640757,0.07765195,Train
0.2464026838915791,0.036721587,Train
0.24710846851766632,0.4643629,Train
0.2476702934921526,-0.2630825,Train
0.24808552315608068,-0.40509146,Train
0.24937058840460963,0.14444894,Train
0.24939669891800406,0.24743345,Train
0.2505613917306011,0.26098907,Train
0.2509118082833638,-0.056018546,Train
0.25094190685788215,-0.33668184,Train
0.25141647596315664,0.6255518,Train
0.2521885471069789,0.31915516,Train
0.2526738728936909,0.16281965,Train
0.25358607832298796,0.5401075,Train
0.25621088603287256,0.5227134,Train
0.2581237673805187,0.043332204,Train
0.25850505480061525,0.56201565,Train
0.25852783057498496,0.37362027,Train
0.25943595642722256,0.06523909,Train
0.26002306369588224,0.05695486,Train
0.2624162440632422,0.29189676,Train
0.2651359217682168,0.6175715,Train
0.2677317285863946,-0.11732571,Train
0.26784687647922206,-0.0040203556,Train
0.26903223460701964,0.6036546,Train
0.2691236742797741,0.057248205,Train
0.2718067756072252,0.07802132,Train
0.2721190656041923,0.40960678,Train
0.27388106411967666,0.60443854,Train
0.2739019017898898,0.22394082,Train
0.27401270826839647,0.8348284,Train
0.2750940173527199,0.15189025,Train
0.27598358529839473,-0.38600087,Train
0.27605493366423645,0.15826046,Train
0.2772693435259282,0.22039059,Train
0.2791948113653098,-0.051768046,Train
0.2825889935494354,0.7723099,Train
0.2827417285624582,0.34654754,Train
0.2840321947764786,0.5579181,Train
0.28733843675555937,-0.24820022,Train
0.28840781927972997,0.2932418,Train
0.289585430583542,0.36507043,Train
0.2903992075731025,0.142365,Train
0.2907196252020337,0.13859037,Train
0.2913521630150284,0.14038183,Train
0.29350638357969966,0.7101902,Train
0.2942927988296522,0.20775115,Train
0.294427699928851,0.525401,Train
0.29635392582523606,0.36365166,Train
0.29653121253020925,0.4128045,Train
0.299633075528298,0.501125,Train
0.30083228866038914,0.35641626,Train
0.3019855557083721,0.5704181,Train
0.30765394601774776,0.3287073,Train
0.30854667685585657,0.13300774,Train
0.3116368227636013,0.3821666,Train
0.313311820129229,0.31741646,Train
0.313710499136125,0.61566746,Train
0.3143777723310636,0.35214317,Train
0.31613158067869446,0.15805545,Train
0.31662580537334184,0.49572602,Train
0.31817231792373035,0.050738007,Train
0.31852311884342455,0.55758774,Train
0.3185551987379576,0.27025172,Train
0.320260853942157,0.2351299,Train
0.3216488237765375,0.30986437,Train
0.322144697791721,0.29205328,Train
0.3229041173658088,0.28243977,Train
0.32305461684788284,0.49745753,Train
0.3233218789706338,0.1006276,Train
0.32357506645084466,0.49548724,Train
0.32442185679748575,0.26135024,Train
0.32466674479914215,-0.049765658,Train
0.32580048488848523,0.5977349,Train
0.3281014039733541,0.23063725,Train
0.3285686350258244,0.43907616,Train
0.32916766478726167,0.03781292,Train
0.32982600806053075,0.22152716,Train
0.3306285316404907,0.05879709,Train
0.3326149801070053,0.09482531,Train
0.33496669053637296,0.463384,Train
0.3356734426892729,0.06574346,Train
0.3373284621260645,0.7059797,Train
0.3373686162682649,0.76965237,Train
0.33736921264711484,0.20211524,Train
0.33738788189806573,-0.0085757375,Train
0.33963136303936997,0.42249617,Train
0.34166662458090014,0.39089116,Train
0.34207738216608713,0.7390485,Train
0.34381090092227745,-0.13723905,Train
0.3441260934996828,0.11800909,Train
0.3441726257942032,0.46557233,Train
0.3444027497332674,0.3619054,Train
0.34443272120231894,0.35701904,Train
0.3463886216493851,0.5139805,Train
0.34668989719502896,0.6527488,Train
0.34715759091139803,0.11960468,Train
0.34814803738178574,-0.23031536,Train
0.3487583114012306,0.5500771,Train
0.3509207145074276,0.23825788,Train
0.35324682945475216,0.38440055,Train
0.35513409955927683,0.18357173,Train
0.35597335661911755,0.17864046,Train
0.3561038075017155,0.27755874,Train
0.3586324065417351,0.18114173,Train
0.3589026464913601,0.3436364,Train
0.3594030078379406,-0.12037722,Train
0.3619375925285986,0.20082387,Train
0.3651686628093986,0.39560792,Train
0.36526127846193135,0.52060163,Train
0.366465777656172,0.48828653,Train
0.3676324126403004,0.5447775,Train
0.369054341496434,0.10648459,Train
0.3698665723750977,0.096177295,Train
0.37165604448300144,0.10130763,Train
0.372378069628782,0.6965238,Train
0.3748175250291977,0.6321198,Train
0.3748800390566806,0.7628381,Train
0.37512897409639695,0.4308336,Train
0.3751807655067084,0.30474,Train
0.3752368042732953,0.68903506,Train
0.37578235720593306,0.5565051,Train
0.3766558534279752,0.38636938,Train
0.37706721247623076,0.2998428,Train
0.3782390450571042,0.24796495,Train
0.3782917546773069,0.16553509,Train
0.37834158713816496,0.38676864,Train
0.379632630919426,0.43419686,Train
0.3808545196667789,0.36717767,Train
0.3809201823508837,0.9667865,Train
0.3829856548281641,-0.013799049,Train
0.3837113487461356,-0.064398065,Train
0.3844837823947492,0.44536838,Train
0.3845439424289888,0.115609854,Train
0.3846016905098921,0.45710292,Train
0.38509511901589605,0.5992389,Train
0.38689451551864057,0.3191033,Train
0.39030259948187174,0.45596424,Train
0.3904472490619457,0.46765193,Train
0.39146655660802754,0.3149204,Train
0.3918109819175113,0.068386346,Train
0.3942594567218453,0.3730555,Train
0.3956176925201863,0.521274,Train
0.3986124788225834,0.3538555,Train
0.39990612419853705,0.5619366,Train
0.4003416368444217,0.23880142,Train
0.40184833996263514,0.29490736,Train
0.40247604573420753,0.3263832,Train
0.40291922894079724,0.34693664,Train
0.40326206085615024,0.1303612,Train
0.4050121628083721,-0.28421205,Train
0.4051043981613477,0.7074326,Train
0.4081103331384416,0.8843856,Train
0.40865047341188443,0.4557915,Train
0.41134594820230974,0.34251517,Train
0.4121926317803591,0.6207485,Train
0.41388985429947467,0.11792366,Train
0.4161900580347768,0.08706124,Train
0.41760041520922064,0.08204079,Train
0.4177717142298678,0.3624927,Train
0.418495615452337,0.46674404,Train
0.41874271051331713,0.52231216,Train
0.4190252080057302,0.39677212,Train
0.420390812362188,0.60336006,Train
0.4215581642211489,0.3277757,Train
0.42378062516878956,0.45564523,Train
0.4244812188076165,0.4827501,Train
0.42542527330791896,-0.012934841,Train
0.42617505320341104,0.1784653,Train
0.4266920353692407,0.13961342,Train
0.4274268641028944,1.033869,Train
0.4275720932838962,0.046761632,Train
0.428322855958857,0.2928193,Train
0.43215496223378164,0.29507563,Train
0.434785530363418,0.36505514,Train
0.4352276743557121,0.39196235,Train
0.4360287285964763,0.51799107,Train
0.43676199647499914,0.3524853,Train
0.43764621480579124,0.46450958,Train
0.4380426028637553,0.45072612,Train
0.43896111272420096,0.22809958,Train
0.43941385883768447,0.6129743,Train
0.4394339348919413,0.49343333,Train
0.4402145144757059,0.06498243,Train
0.4407120108650663,0.46087494,Train
0.4413411554705213,0.59101355,Train
0.44239150471368394,0.47319743,Train
0.444884264587887,0.56986773,Train
0.4452187604183117,0.4036375,Train
0.4458180998086654,0.30255124,Train
0.44583256746130906,0.17457217,Train
0.44650898665721006,0.36891186,Train
0.4481107672066352,0.2058594,Train
0.45069359096402095,0.49862477,Train
0.45662005977196624,0.26716983,Train
0.4567727810575989,-0.14405012,Train
0.4569599209783515,0.5227853,Train
0.45877559562400705,0.35261852,Train
0.4588848315873675,0.22539467,Train
0.45946513922197946,0.12740636,Train
0.46088558704521515,0.09998521,Train
0.46220245052256226,0.19060424,Train
0.46416258459851406,0.4871433,Train
0.464751919263373,0.42458925,Train
0.46492259394196794,0.33408606,Train
0.46501097799930174,0.3487797,Train
0.46517058687596474,0.35095975,Train
0.4656992963005757,0.34522036,Train
0.4662664459772739,0.46248022,Train
0.467062558357492,0.75554585,Train
0.4683414528898226,0.46932593,Train
0.47033810385794006,0.07812858,Train
0.47037764026757256,0.1412757,Train
0.47114854509163245,0.20521149,Train
0.47116837862865857,0.44588545,Train
0.47249380393024387,0.4070026,Train
0.4732436361931885,0.54141724,Train
0.4739632295571797,0.620994,Train
0.474188601277054,0.46508738,Train
0.4744198569631944,0.17108008,Train
0.4754741947759029,0.16272384,Train
0.4778494217503002,0.32121304,Train
0.47843077470027107,0.52728546,Train
0.4808455411348323,0.29963756,Train
0.4824640497805203,0.78792655,Train
0.4841834140719376,0.67016375,Train
0.48419233179148224,0.58079493,Train
0.48432239271450905,0.09830734,Train
0.48518263234479386,0.49004623,Train
0.4853716020758459,0.11582564,Train
0.4859686459414713,0.2310909,Train
0.48597051337498837,0.73915946,Train
0.4875821491738805,0.09398097,Train
0.4878094600147565,0.6365385,Train
0.48969991995807316,0.5242946,Train
0.49118639602073594,0.46023092,Train
0.49192442527004115,0.6245302,Train
0.4933358887704676,0.99463177,Train
0.4937219029886599,0.38618046,Train
0.49375783672094387,0.78049886,Train
0.49616192121208275,0.3244696,Train
0.49892148512093476,0.118532896,Train
0.501703836497859,0.1707511,Train
0.5022541223296554,0.35675952,Train
0.5043662303110943,0.32547906,Train
0.5056090167224407,0.56050885,Train
0.5073477940860006,0.5199443,Train
0.5076561585577336,0.6158228,Train
0.5096313505641157,0.29905125,Train
0.5112585120415564,0.39414603,Train
0.5114981144894848,0.55579054,Train
0.5117937516366255,0.1335738,Train
0.5125098114686414,0.51244795,Train
0.512970773679494,1.0314993,Train
0.5136486998378084,0.5090219,Train
0.5158199444002696,0.07829249,Train
0.5159544662167559,0.24759126,Train
0.5175757488121496,0.4746472,Train
0.5178630325880177,0.5728229,Train
0.5178814400017077,0.438149,Train
0.5183900743889047,0.5660422,Train
0.5214169812595849,0.7725949,Train
0.5215066516242426,0.7175602,Train
0.5221309102955575,1.0511359,Train
0.5228580420305682,0.62225163,Train
0.5245823344551404,0.58687603,Train
0.5277183872985095,0.602383,Train
0.5300843111695875,0.59954727,Train
0.5323673968490548,1.0690261,Train
0.532760735392661,0.6931608,Train
0.5339329579331066,0.98794067,Train
0.5354482005049956,0.36271754,Train
0.5372255421755777,0.65307605,Train
0.5373043018069731,0.28854614,Train
0.5381781468064154,0.77074957,Train
0.5396686602471228,0.6093061,Train
0.5421123319900806,0.5070467,Train
0.5422042973710446,0.30278975,Train
0.5434775463869663,-0.01004073,Train
0.5441282638406543,0.38389695,Train
0.5452861778645001,0.61018825,Train
0.5461192591239238,0.75128484,Train
0.5479529842711189,0.54333866,Train
0.5487779531512349,0.28814274,Train
0.549514256308302,0.6210952,Train
0.550480068213975,0.49033806,Train
0.551305618220285,0.33281472,Train
0.5516495808658699,0.7774637,Train
0.5529004511848991,-0.002060324,Train
0.5537910212300737,0.6115924,Train
0.555543599196787,0.39271,Train
0.55619722939935,0.9498118,Train
0.5596064034190635,0.5924884,Train
0.5596723457351952,0.08836578,Train
0.5598264687399143,0.23463684,Train
0.5603402778448732,0.95287883,Train
0.5632540333953966,0.37869635,Train
0.5634006236217362,0.35505533,Train
0.565048752416966,0.6373987,Train
0.565716044423513,0.15263838,Train
0.5660543788390322,0.52553594,Train
0.5668447506279526,0.6695703,Train
0.5674416556944086,0.48574576,Train
0.5682235419223708,0.68784046,Train
0.5686574886289051,0.39718908,Train
0.5693142629122928,0.49444297,Train
0.569510232595608,0.7747766,Train
0.5706780842332638,0.63315296,Train
0.5711688928413877,0.4905018,Train
0.574046769060766,0.4585828,Train
0.5741774416152987,-0.21971056,Train
0.574696664396295,0.8093227,Train
0.5778117875450935,0.8293563,Train
0.5786311902226111,0.27426568,Train
0.5786869641014051,0.99763906,Train
0.5790217853218245,0.45631382,Train
0.5806187450151075,0.3811481,Train
0.5808824176794786,0.20845148,Train
0.5812212284862867,1.0207036,Train
0.581608522402319,0.8250736,Train
0.5835935300012629,0.89046633,Train
0.5845817358564831,0.60610497,Train
0.5853202003149063,1.0002486,Train
0.5892914123378693,0.4744257,Train
0.5893143741946418,0.5188755,Train
0.5928752221509423,0.845296,Train
0.5933145728734995,1.0642023,Train
0.5948446379764949,0.523082,Train
0.5965545456211884,1.0900975,Train
0.5965943738649722,0.4305683,Train
0.5966836303742303,0.7233057,Train
0.5975818984348914,0.48228684,Train
0.5986468932783505,0.41828963,Train
0.5997674398202484,-0.08222059,Train
0.6002541891881875,0.474382,Train
0.6014410507194456,0.5551027,Train
0.6016269927982801,0.5099493,Train
0.6018190288216102,0.25563064,Train
0.6028518858104441,0.5796014,Train
0.6061990196518545,0.88726056,Train
0.6067825969474928,0.80341315,Train
0.6073883241501827,0.2430872,Train
0.608142317337685,0.19351071,Train
0.6150370023783119,0.8767688,Train
0.6186794978022102,0.98061025,Train
0.6192535279520329,0.48710647,Train
0.6208876822638301,0.17531452,Train
0.6223423621313614,0.42509046,Train
0.6237550580463931,0.78882575,Train
0.6246703119732031,1.0360879,Train
0.626155512405402,0.58564866,Train
0.626630891935132,0.6268338,Train
0.6296184891523321,0.6181176,Train
0.6296284674398912,0.614123,Train
0.6303777490819537,0.51534355,Train
0.6303944964982473,0.98105955,Train
0.6308701526094732,0.88887763,Train
0.6311333590509927,1.0149847,Train
0.6313539241505383,0.5140127,Train
0.6329165811288866,0.5190213,Train
0.6341839039795283,0.3977023,Train
0.6389663198689829,0.08168252,Train
0.6404991929859492,0.5889019,Train
0.6426106181568222,0.16170055,Train
0.6434807247302771,0.76006067,Train
0.6437105481920183,0.1564089,Train
0.6455061706792459,0.70506454,Train
0.6471083564408989,0.64839804,Train
0.6497582674804595,0.33737758,Train
0.6536427239213265,0.42849502,Train
0.6551557009653772,0.4695699,Train
0.6574100719946483,0.44987425,Train
0.659130332633816,0.6480845,Train
0.6624557319488401,0.8773626,Train
0.6634292276341869,0.49445698,Train
0.6634632532592046,0.56615674,Train
0.6639030178371614,0.20312333,Train
0.6657222351663857,0.3957085,Train
0.6658381761973257,0.19959724,Train
0.6660376402641309,0.58707273,Train
0.6669387488777623,0.8884249,Train
0.6673348481521064,0.6334622,Train
0.6684070813976841,0.93349826,Train
0.6686519932951676,0.54273987,Train
0.6689441070787713,0.5429393,Train
0.6694522035556338,-0.10449286,Train
0.671952363001687,0.24310455,Train
0.6720393214441065,0.61369514,Train
0.6739592632462175,0.0038946867,Train
0.675107235588879,0.31271407,Train
0.6770998161315304,0.38503188,Train
0.6778289790118992,0.500721,Train
0.6781464920267045,0.6831285,Train
0.679029898407775,0.8769351,Train
0.6792001826183763,0.8011906,Train
0.6794577542203453,0.6411197,Train
0.6797943127182828,0.543687,Train
0.681122093538378,1.0481977,Train
0.6826199282539679,0.61885107,Train
0.6829685002521972,0.78367555,Train
0.6851911193190393,0.75659525,Train
0.6870725496900013,0.9120147,Train
0.6875441887600571,0.5873529,Train
0.6883939548998851,0.49838266,Train
0.6887262573983762,0.48192808,Train
0.6889650941629729,0.18834788,Train
0.6897588693278699,0.43416813,Train
0.6905490214785437,0.31697798,Train
0.6907733743209974,0.4054871,Train
0.6908874148709989,0.41451976,Train
0.6914154923272294,0.40899011,Train
0.6946312438571811,0.9105948,Train
0.6960148514319443,0.6604153,Train
0.6970236432885536,0.56318426,Train
0.7030942766421123,0.42206421,Train
0.7069281603598829,0.76778233,Train
0.7072228467581326,0.38990772,Train
0.7077675465588772,0.48000202,Train
0.7112094487110044,0.7668083,Train
0.7114466971656895,0.43554345,Train
0.7164218527343392,0.7496549,Train
0.7169222852599807,0.41744056,Train
0.7195332191539625,0.37380806,Train
0.720133533697458,0.561345,Train
0.7215128618853678,0.55875266,Train
0.7235137378391979,0.5787828,Train
0.7262430664080498,0.8534057,Train
0.7263493214940039,0.44035432,Train
0.7270025032684803,0.6861265,Train
0.7283936334531856,0.30378658,Train
0.7288266650003598,0.08608404,Train
0.729442299311547,0.48712727,Train
0.729783530206442,0.7618252,Train
0.7310032240965951,0.9550059,Train
0.732529069298096,0.30919138,Train
0.7348772222996618,0.11869177,Train
0.7349927525257336,0.7276422,Train
0.7351189209709472,0.9769789,Train
0.7358007518091988,0.837438,Train
0.7366535278064793,0.8756937,Train
0.7368017836228552,1.0309433,Train
0.7394115420454802,0.58232284,Train
0.7394353702531142,0.98894155,Train
0.7407341593330955,0.32821015,Train
0.7412770862667909,0.56043327,Train
0.7417981963097577,0.5211773,Train
0.741896908957317,0.2768477,Train
0.7443147167714863,0.26183647,Train
0.7450025759678136,0.90154934,Train
0.746407620133749,0.6657231,Train
0.7483354912832959,0.2936062,Train
0.7565612623945733,0.9926281,Train
0.7569610294242641,0.8211266,Train
0.7574045309029426,0.61670506,Train
0.758184970162272,0.8171871,Train
0.7583622843220257,0.5781814,Train
0.7590476725880805,0.7980943,Train
0.7596225873919515,0.60642004,Train
0.7612937970146707,0.6006644,Train
0.7614691705281587,1.0175265,Train
0.7633840972569754,1.0311949,Train
0.7676363292984061,0.50059533,Train
0.7680058386175345,0.45157096,Train
0.7680112853409942,0.7612026,Train
0.7696630534199473,0.987985,Train
0.7698970494999501,0.76197124,Train
0.77002067888636,0.81906736,Train
0.7708913396396505,0.94696975,Train
0.77175798843599,0.79665804,Train
0.7751778001664243,0.07196021,Train
0.7796190700674364,0.9659058,Train
0.7799223508289229,0.50679314,Train
0.7807247656066029,0.9728632,Train
0.7811253684818442,0.96688974,Train
0.7815802616608711,0.36269608,Train
0.781667059441981,0.6192064,Train
0.7825285635174495,0.36206415,Train
0.782749757534844,0.9253651,Train
0.7828111901490166,0.71006584,Train
0.7844309474788099,0.40572217,Train
0.7859436331971312,0.38801542,Train
0.7896077497693402,0.20671874,Train
0.789731538800217,0.8480295,Train
0.7901579369672944,0.54877293,Train
0.7905203471918966,0.91802526,Train
0.7905574416513019,0.71608377,Train
0.7913939293372336,0.93807876,Train
0.7919508409227989,0.5053513,Train
0.7954560182099439,0.8280493,Train
0.7973097533165523,0.66227674,Train
0.7980046419536115,0.6621356,Train
0.7999066430733062,0.8832083,Train
0.7999591223784032,0.7013613,Train
0.801574271880818,0.3665886,Train
0.8019236629466747,0.57760847,Train
0.8035226309063327,0.55986667,Train
0.8042396552146311,1.0261213,Train
0.8069310270405906,0.7376255,Train
0.807592237813188,0.821628,Train
0.8077030722548973,0.48618904,Train
0.8082150159600269,0.57233393,Train
0.8082954177940517,0.5746751,Train
0.8084784171271212,0.9744822,Train
0.8091301260034494,0.80520654,Train
0.8095621407068896,0.96532595,Train
0.8118124260580384,0.5578692,Train
0.8130685920992328,0.50172365,Train
0.8134767943561172,1.0139889,Train
0.813924076459798,0.61446214,Train
0.816494454049882,0.80530775,Train
0.8191529869074615,1.0796398,Train
0.819468278118709,0.60003877,Train
0.8196709315158853,0.80110264,Train
0.8203558840643995,0.64342,Train
0.8206053839608106,0.5470196,Train
0.8211020892457457,0.9679328,Train
0.8216765302004365,0.674654,Train
0.823087699324602,0.9536395,Train
0.8238225143308654,0.65487814,Train
0.8240930832294384,0.7980033,Train
0.8252325583174387,0.9355453,Train
0.8253592636561439,0.8490063,Train
0.8273695891387921,0.9581889,Train
0.8276868560774142,0.75775504,Train
0.8292549821497843,1.0302684,Train
0.8302135332827766,0.90713453,Train
0.8305775348678217,0.7817893,Train
0.8324696726033005,0.6287453,Train
0.8324750064571055,0.8694835,Train
0.8331157141010787,0.8461393,Train
0.835378964209832,1.0219637,Train
0.835922909512527,0.98991835,Train
0.8359546299528002,0.66909873,Train
0.8368173623754986,0.83247256,Train
0.8368557446674936,0.9281119,Train
0.8376982525767503,0.67101526,Train
0.8419614187388493,0.7573581,Train
0.8439705631575007,1.0274218,Train
0.8446651538593457,0.93207085,Train
0.8457941808779827,0.5613587,Train
0.8463018457046799,0.572036,Train
0.8467564877233056,1.0117718,Train
0.8468486071560953,0.7936574,Train
0.8474302809202646,0.72809744,Train
0.8481869651847087,0.6215558,Train
0.8496855284688335,1.0270759,Train
0.8515032703578,0.9186764,Train
0.8537906654210105,0.7958982,Train
0.8546393333696064,1.0401481,Train
0.8552699884964282,0.653914,Train
0.8554498000243924,0.69150007,Train
0.8575925882149656,0.52965295,Train
0.857597431950091,0.7813767,Train
0.8585201901836563,0.9946828,Train
0.8585958657280068,0.97261214,Train
0.8611542018545969,0.67292476,Train
0.8612529373811403,0.995667,Train
0.8621780109678883,0.9544296,Train
0.8628124096049157,0.9731827,Train
0.8636031667776105,0.80485964,Train
0.8649814664280834,0.55590785,Train
0.8665455378360658,0.8706207,Train
0.8676471578655481,0.60706687,Train
0.8689965755950305,0.7193433,Train
0.8701717652854908,0.3624169,Train
0.8704101526051571,0.74213016,Train
0.8707411133783408,0.77928054,Train
0.8715580741056321,0.79992354,Train
0.872272447502316,0.7956848,Train
0.8741224304555473,0.9686661,Train
0.8742305921235026,0.71964955,Train
0.8742656005279891,-0.0113361925,Train
0.8744058232788687,0.79789054,Train
0.8744931381250166,0.90481925,Train
0.8746010028746015,1.0219954,Train
0.876615561986135,0.5811647,Train
0.8768101126640189,1.0228928,Train
0.8790814436299244,0.8207338,Train
0.8799963177656009,1.0662408,Train
0.8816540277709115,0.44058838,Train
0.8819489358410946,0.9320841,Train
0.8820042948476452,0.7812339,Train
0.8853666986314048,0.8884666,Train
0.8855498169351911,1.0123624,Train
0.8865637306336873,0.39499733,Train
0.8867076852010696,0.9876503,Train
0.8906050758942294,0.9765334,Train
0.8920066780441268,0.9735081,Train
0.8923928412299267,0.6692215,Train
0.8925587362345505,0.6253058,Train
0.8930539421834008,0.5431874,Train
0.8935687010204071,0.97288954,Train
0.8943128186215678,0.20878425,Train
0.8945473500697964,0.6485206,Train
0.89553368035675,0.9452528,Train
0.8959218401152209,0.87068546,Train
0.8962743625513565,0.5199417,Train
0.8964837408445657,0.9692743,Train
0.899361957706595,0.6587409,Train
0.9020172081926014,0.38238978,Train
0.902439987921253,0.4144579,Train
0.9036330186434428,0.7078787,Train
0.9042954414937717,0.89523065,Train
0.9057736236705197,0.7881228,Train
0.9069751043641369,0.78079236,Train
0.9075544663340777,0.9680487,Train
0.9094942599764017,0.7403536,Train
0.910463154443853,0.9692848,Train
0.9109100791269615,1.0661535,Train
0.9112795045564822,0.70770395,Train
0.9125022972779147,0.8512038,Train
0.9137849439636225,1.0904375,Train
0.9145867999856716,0.42044142,Train
0.9177135212540956,0.05136615,Train
0.9188663068265713,0.74034595,Train
0.9202597386370679,0.7984085,Train
0.922984020610469,0.60345733,Train
0.9236179535330657,0.20856503,Train
0.923948000672155,0.8509512,Train
0.9272063304997692,0.19525883,Train
0.9276799508898397,0.6213659,Train
0.9293551211189024,0.92451835,Train
0.9309970034430758,0.70567095,Train
0.93102621583828,1.1143866,Train
0.9310721059959828,0.8369422,Train
0.9324105468973591,1.0642346,Train
0.9334306562247254,0.9226364,Train
0.9348065444302839,1.0257255,Train
0.9356384029351178,0.467792,Train
0.9356748247523936,0.59690225,Train
0.9380231124857535,0.95093286,Train
0.9406478657944993,0.7841151,Train
0.9413902140875633,0.6661817,Train
0.9422661029429106,0.6996919,Train
0.9438768073129432,0.592453,Train
0.9452378821389888,0.75502264,Train
0.9453169391971756,0.88779247,Train
0.947557178132235,0.8040899,Train
0.9476164855430042,0.3861945,Train
0.9478516021848012,0.6020185,Train
0.9516722923551272,0.5149201,Train
0.9523582871684688,0.59806454,Train
0.9533681690815614,0.8514836,Train
0.9541139156663837,0.73435664,Train
0.9547274008783397,0.8298788,Train
0.9553258510388488,0.5640764,Train
0.9557857440385145,0.2560406,Train
0.9559354147929455,0.8130921,Train
0.9561911291298347,1.010884,Train
0.9563546442117006,1.0139458,Train
0.957342308597633,0.60675836,Train
0.9595404801990066,0.990342,Train
0.9605438065205475,0.79280066,Train
0.9609024996728813,0.8528074,Train
0.9630320241537919,0.59859824,Train
0.963330919268255,1.0807911,Train
0.9664328331085297,0.7200422,Train
0.9670744818413787,1.0182035,Train
0.9707730017960522,0.64030623,Train
0.9711273077760961,0.2650885,Train
0.9711857727318319,1.083398,Train
0.9726973602589202,0.7622931,Train
0.9728136276966985,0.7957915,Train
0.9732219987496433,0.8388525,Train
0.9741248578597617,0.97962356,Train
0.9746596800404779,0.73722327,Train
0.9748143150260168,0.62326145,Train
0.9755694130142359,0.83298934,Train
0.976197974968232,1.0213765,Train
0.9763471591629369,0.8917712,Train
0.9765280241410089,0.7830043,Train
0.9787290144332126,0.9435775,Train
0.9789520270756255,0.6274737,Train
0.9791462406698117,0.8368726,Train
0.980748649120242,0.76202774,Train
0.9820192411234872,0.9345938,Train
0.9828259352880205,0.9242953,Train
0.9845327873172942,0.64906883,Train
0.9860441933377764,0.8203341,Train
0.9861832329909715,0.8408642,Train
0.9863451216312853,0.6687355,Train
0.9875435156957489,0.82659674,Train
0.9880768420993329,0.8969064,Train
0.9882224266672197,1.0324787,Train
0.9885837061615902,0.999267,Train
0.9891073857686716,0.7545006,Train
0.9897267452868777,0.87858725,Train
0.9899561879406407,1.0201814,Train
0.9931434220880807,0.9712757,Train
0.993731698218612,0.69753027,Train
0.9946642740784267,1.0015259,Train
0.9963723310675251,0.76152503,Train
0.9968348154934457,0.43880293,Train
0.9991072238052867,0.74715614,Train
0.9991388730664991,0.9539803,Train
0.9992713917008296,0.89086473,Train
1.000396698596667,0.6123276,Train
1.0004377094297134,1.045769,Train
1.0017491058467263,0.5099515,Train
1.0023516671064514,1.0869886,Train
1.0035346173482873,1.0015248,Train
1.0035590622716464,1.0130666,Train
1.0036538463434403,0.83776236,Train
1.0037356437954896,0.8397938,Train
1.003917081256584,0.8727828,Train
1.0039364958539916,1.1139003,Train
1.008621678095098,0.84912133,Train
1.0098935320014164,1.0198432,Train
1.0113192882573634,0.8913468,Train
1.0117566291882818,0.5297632,Train
1.0118681703363859,1.0020721,Train
1.0144662553929482,1.0282291,Train
1.0150356807659229,0.67186666,Train
1.0168590224133311,0.9509245,Train
1.017576378721108,0.96079886,Train
1.0177739799301935,0.71648407,Train
1.0204771949351195,1.0664777,Train
1.0231299333086816,1.047562,Train
1.025387457061949,0.8488976,Train
1.0254190890368173,0.93449485,Train
1.0273456367642437,0.9626062,Train
1.028230663994226,1.0532433,Train
1.0342966112234377,1.0217551,Train
1.0348494096761005,1.0477389,Train
1.035446805369658,1.0043247,Train
1.0359593118977937,0.78288114,Train
1.0361712643309147,1.0754867,Train
1.0392442576101373,0.7146107,Train
1.0397297887992838,1.0221237,Train
1.0399406821896562,1.0066706,Train
1.0400637151972165,1.0177654,Train
1.0406316071698403,1.0213231,Train
1.0410279779414613,0.8594816,Train
1.0416380109689412,0.79093385,Train
1.0416590291289176,0.8046316,Train
1.0420231369741326,0.83285093,Train
1.043291409048399,0.8973762,Train
1.043828892309166,0.988505,Train
1.0443027587754206,1.0312892,Train
1.0448825529039478,0.9220747,Train
1.0449643915381681,0.95583427,Train
1.0453249185681759,1.0141422,Train
1.045580931348701,1.0480162,Train
1.0462308993885567,0.54991126,Train
1.0469661724829222,0.76139617,Train
1.0470422481552815,1.1318659,Train
1.0490273737080984,0.62775373,Train
1.0499801867919016,1.0348309,Train
1.0504139184359864,0.8581697,Train
1.0511630846662856,0.82292783,Train
1.0511635864786681,0.83076966,Train
1.0531143045816451,0.49855742,Train
1.0533973715065492,0.7325752,Train
1.0542497544937266,0.46355554,Train
1.0554381041757883,0.7339572,Train
1.0559517083867351,1.1612655,Train
1.057344610421646,0.9726323,Train
1.0576842647003313,0.8628355,Train
1.0584023373745184,0.8736316,Train
1.0591221732557403,1.0806228,Train
1.0597039837853912,1.042322,Train
1.0599861172477474,0.8820168,Train
1.060963700644904,1.092031,Train
1.0624217976158017,1.1230317,Train
1.062823470719072,0.85052335,Train
1.0638697658062688,0.7302711,Train
1.0648507454614955,1.059611,Train
1.065445609214156,1.047515,Train
1.0655679965259464,0.98427856,Train
1.0664162104538146,1.0675963,Train
1.0667498109533309,1.0029603,Train
1.0669913515054161,0.92029965,Train
1.0678823953997711,1.0119807,Train
1.068028249939669,1.0100614,Train
1.0685237238268437,1.08908,Train
1.0688974174579366,0.99962676,Train
1.0702491652848352,0.9943267,Train
1.0704754979220379,0.96401584,Train
1.0707374358509993,0.86180055,Train
1.0711833991083577,0.61176026,Train
1.0721422725808132,1.1221508,Train
1.072332216956584,0.780416,Train
1.0731136206921945,1.0339814,Train
1.0741259669260754,1.063537,Train
1.0751057751773205,0.99858737,Train
1.0751835571134654,1.0201894,Train
1.0768125829738917,1.0541798,Train
1.0774808104766744,0.97880924,Train
1.078042706630222,0.45684585,Train
1.078792208418953,0.99916077,Train
1.0788337261486012,0.6583823,Train
1.0790315108979804,1.0020031,Train
1.0791352457367405,0.9849907,Train
1.079812067094339,0.7755588,Train
1.0799983233778871,1.0058435,Train
1.0810441446159036,0.9542315,Train
1.0823233442013542,1.065205,Train
1.0829819010118076,1.0131251,Train
1.0843979423427226,0.7470299,Train
1.0854841673580762,0.81002176,Train
1.0873362007766971,1.1870855,Train
1.0887670351502505,1.1152116,Train
1.089745554043642,1.0617281,Train
1.0900858611360043,1.073271,Train
1.0927359918138115,0.9517242,Train
1.0927562656441747,0.8697468,Train
1.0932974664856319,1.0460049,Train
1.093940219510776,0.99647653,Train
1.094052522783258,1.0292886,Train
1.0962267670347337,1.0168978,Train
1.0967264745507934,0.9430922,Train
1.0972856216673073,0.7703395,Train
1.1001997468405276,1.01607,Train
1.100238222173724,0.84085274,Train
1.1022389130619945,1.0623978,Train
1.1028696088625654,1.0228151,Train
1.1031932737819603,0.9712721,Train
1.1033829161551418,0.7572273,Train
1.1040210811813589,0.7074766,Train
1.1055208153610434,0.9467522,Train
1.1084883177123777,1.0463136,Train
1.1087495672381305,0.94583154,Train
1.109230481448304,1.0174755,Train
1.1139484655429939,1.1643035,Train
1.114825694598382,0.6695695,Train
1.115087523725064,0.6822051,Train
1.1173407782599152,0.99404275,Train
1.1177070504570177,1.0257982,Train
1.1214983030012526,1.0668277,Train
1.1243268689090313,0.9987289,Train
1.1252362780180605,1.0492275,Train
1.1292048533652215,1.1030929,Train
1.1297415485720947,0.8385991,Train
1.1308450528130154,1.0365082,Train
1.1319857104902782,0.9502133,Train
1.1321888707840562,0.50015545,Train
1.1329805939582984,1.0255799,Train
1.1338975211014726,1.0071794,Train
1.1391029068693574,0.94955087,Train
1.1441658735038975,0.8273666,Train
1.145589271699226,0.8373138,Train
1.1471683385017493,1.1264297,Train
1.148210006441536,1.0524734,Train
1.148487083140005,1.0362736,Train
1.1493332562624996,0.4306701,Train
1.1493371492487339,0.793448,Train
1.14997641144934,0.8101635,Train
1.1502289008663273,1.0586761,Train
1.153219055953939,1.1067001,Train
1.1534208221549582,1.1118858,Train
1.1539874364634306,0.856766,Train
1.1564282544344493,0.9888513,Train
1.1567782845865933,0.4975548,Train
1.1570240775791725,0.99766743,Train
1.1578029646265424,1.0223783,Train
1.1585149586088894,0.76592493,Train
1.1589712316448633,0.68575954,Train
1.1612915266870782,0.6405331,Train
1.165210008752963,0.9882108,Train
1.1676822100805575,1.0477061,Train
1.1701212333223867,1.0436174,Train
1.171572336950506,0.51526463,Train
1.1715895622833552,0.78116655,Train
1.1721149857774407,0.9653064,Train
1.1724789060149876,1.1013652,Train
1.1741796295270779,0.60646546,Train
1.1743542302393284,0.9929249,Train
1.1747085118151233,1.0262467,Train
1.1751887894811193,0.9010583,Train
1.1793918027268848,1.0054123,Train
1.1800995600298152,0.6748836,Train
1.1801068691025738,1.0347512,Train
1.1850297726307009,1.051644,Train
1.1853641886388915,0.77618146,Train
1.1864231464811044,0.9091927,Train
1.1869155886486862,1.0761112,Train
1.1872585441105528,1.02192,Train
1.1874788844876336,0.89202845,Train
1.1895531679158664,0.6126317,Train
1.19016568560101,0.630491,Train
1.1928879816785993,0.99998534,Train
1.193851035904066,1.064881,Train
1.1940741583656023,1.0757324,Train
1.194119636701592,0.91466486,Train
1.1952507807888837,1.0317502,Train
1.1972367813357334,1.0688847,Train
1.1985693042065795,1.0491675,Train
1.1995445081893992,0.16243547,Train
1.1996493605394232,0.75407314,Train
1.2015800463124249,0.5526351,Train
1.2016984242093727,0.7527187,Train
1.2018009032461217,0.8520025,Train
1.2030252680079665,0.91835225,Train
1.204268252703841,0.9990035,Train
1.2046354349760848,1.0361476,Train
1.2083882065944835,0.63646555,Train
1.208414687238997,0.69866717,Train
1.2085093670843088,0.9303349,Train
1.208775658121294,0.57598484,Train
1.211849688581125,1.0888063,Train
1.2120596988427148,1.0101539,Train
1.2130339978346107,0.535398,Train
1.2176655380098105,1.065428,Train
1.218116708523929,1.0461363,Train
1.2188955223585494,0.9755939,Train
1.2203031579507406,1.0679983,Train
1.2227160696623316,1.0091666,Train
1.2227520415262552,0.7895615,Train
1.223136272708961,0.9513823,Train
1.2244583424262254,1.0183982,Train
1.2249725872487243,1.0124385,Train
1.2253493705595022,1.0546763,Train
1.2274066365994294,0.95162284,Train
1.2291155492625292,0.70692694,Train
1.2305180157295994,1.1019678,Train
1.2331548476166359,1.0144571,Train
1.2364303112611628,1.0081071,Train
1.2374096537979782,0.98312676,Train
1.2376394553975791,0.947999,Train
1.2414657214305187,1.0093514,Train
1.2433981907474296,0.9852278,Train
1.2435302599368296,0.98764765,Train
1.2463743296610157,0.9807124,Train
1.2473548161470314,0.753461,Train
1.247924816545137,1.0970697,Train
1.2482418430002162,1.2213007,Train
1.2486625585360882,0.67286456,Train
1.2504263995724179,0.9834157,Train
1.250436125682731,0.8617797,Train
1.2546576744644966,1.0456747,Train
1.2556053575716624,1.0013758,Train
1.2559135898537106,0.95847833,Train
1.2578792520006203,1.0774934,Train
1.2583554317863692,1.0294656,Train
1.2586700259512373,1.1475316,Train
1.2590995798928426,1.1076313,Train
1.26142742499978,1.0976342,Train
1.2627970641921724,1.1344825,Train
1.263155723788663,1.0894467,Train
1.264611886214358,0.9266819,Train
1.2649001939518658,0.97511697,Train
1.2669742602839615,1.0530404,Train
1.2678474661971177,0.9345205,Train
1.268128346399572,0.83306384,Train
1.2681365513116591,1.0622214,Train
1.2682710985492391,0.98937047,Train
1.268468110497381,1.0140628,Train
1.2686921648961984,1.0667398,Train
1.268996020174395,0.6997242,Train
1.2696189996562928,1.0770346,Train
1.2736749925508188,1.0800809,Train
1.2740968962685937,0.7310935,Train
1.2750507922909724,1.0136987,Train
1.2757748933232351,0.71165717,Train
1.2760326733781695,1.1175755,Train
1.278311733881717,1.0978328,Train
1.278471647811499,1.0145468,Train
1.2790321727512721,1.1668674,Train
1.2792892425408586,1.1194264,Train
1.2805147359992473,1.1126796,Train
1.2806987897992683,0.8610568,Train
1.2811744021862135,0.9873812,Train
1.281577031122594,1.0943741,Train
1.2817926813079525,0.97784925,Train
1.284658274055028,1.0757679,Train
1.2856989597237671,1.0159949,Train
1.2858517760842887,0.80439126,Train
1.288494985106801,0.98711824,Train
1.2888545324078706,1.0461011,Train
1.2915728866907261,1.0306579,Train
1.2923306264389656,0.9751469,Train
1.2925495610295847,1.1037673,Train
1.29588951188686,0.7898785,Train
1.2973064780371508,1.023945,Train
1.297563095839698,1.090775,Train
1.298621419679842,0.9420804,Train
1.3001846796465246,1.0108613,Train
1.3003657729060147,0.98851454,Train
1.3014738615869095,1.0113698,Train
1.3030631151299565,1.1223357,Train
1.3053660831549494,1.0303472,Train
1.308999631879257,1.0117303,Train
1.3100140829796667,1.027223,Train
1.3108191435847423,1.1954213,Train
1.3132308833839297,1.0275824,Train
1.316053143335293,1.0140713,Train
1.3162149821502636,0.9311881,Train
1.3165458427643393,0.7038121,Train
1.3168163048943204,1.1630154,Train
1.3169686413045998,1.0810081,Train
1.3184975512731136,1.1100973,Train
1.3186330706133031,1.0421386,Train
1.3209146681419657,0.9916314,Train
1.323417964550937,1.1622523,Train
1.3239595690793564,0.9954771,Train
1.3267839562678105,0.5765686,Train
1.3282316077114547,1.1784258,Train
1.3283130538439938,0.9974004,Train
1.3286204858700232,1.0021652,Train
1.3289099070514194,1.0302724,Train
1.3290222886208696,1.0895332,Train
1.3292474961204817,0.7758684,Train
1.3298316301380642,1.0012587,Train
1.33052339706486,0.9925791,Train
1.3326360409229476,1.0617634,Train
1.3357804334101988,1.1954545,Train
1.3363697248591981,0.74580073,Train
1.3374897207802148,0.7112459,Train
1.3406425632388923,0.97977436,Train
1.3426085390820945,1.0141786,Train
1.3438708422836438,0.9920877,Train
1.3445120298778594,1.0281872,Train
1.3467930274687192,1.1561568,Train
1.3472891912843672,1.0460665,Train
1.3477096373566493,1.0551785,Train
1.348318625068771,1.0471637,Train
1.3506321921644215,0.8732945,Train
1.3512172499845356,1.1187708,Train
1.3520365397923995,1.0634884,Train
1.3544487066659552,1.0348588,Train
1.3549968428900987,0.9207282,Train
1.3564571306508213,1.0164926,Train
1.357535759335062,0.7481123,Train
1.3589890868004268,1.1081778,Train
1.3595799157171524,0.9528729,Train
1.3643935110860144,0.8235687,Train
1.3648043703555754,0.80312586,Train
1.3648824232805752,1.0248095,Train
1.3655631798234227,0.8905065,Train
1.3681667253308354,1.1494993,Train
1.3683046566243604,0.83620715,Train
1.3691003587081332,1.0123316,Train
1.3703002495665728,1.0582286,Train
1.3704709811884161,1.0887624,Train
1.3704950788596402,1.0080792,Train
1.3723370079020787,0.9582399,Train
1.3725737209885371,0.8775656,Train
1.3733166290540766,1.0553726,Train
1.3747436060309266,0.94086456,Train
1.3747569790512908,1.1189475,Train
1.375142476712867,1.0251358,Train
1.3753993583863624,1.1359675,Train
1.378839913728964,0.75865436,Train
1.3789165293453465,0.43197736,Train
1.3796225966539915,1.1450864,Train
1.3797877320763465,1.0610645,Train
1.3838060732811013,1.0711989,Train
1.3862449236594951,1.1238002,Train
1.3874856077464224,1.0354222,Train
1.3875422825487649,1.1055771,Train
1.3877772192092206,1.1420751,Train
1.3904590545662237,1.0890692,Train
1.3918184831222646,1.0452172,Train
1.3950873103361636,1.0334119,Train
1.3958864991770987,0.5713384,Train
1.3969864083669985,0.88796306,Train
1.3989772445142241,1.025715,Train
1.3990234178629066,1.1866649,Train
1.3996495307487697,0.98817897,Train
1.3996781360882653,0.88641274,Train
1.4005038828538376,0.9484252,Train
1.4017041906182075,1.1314777,Train
1.402621415696596,0.7449622,Train
1.4034455949975533,1.1336037,Train
1.4039336881244857,0.955343,Train
1.4052877904530494,1.0286329,Train
1.4072350563715512,1.0854654,Train
1.4075854902106575,1.1013825,Train
1.4078322405616126,1.0953144,Train
1.4079551357868476,1.0644774,Train
1.4091616956149149,0.7491255,Train
1.4093292999338556,0.96803534,Train
1.4103792948069767,1.0735279,Train
1.4109263821568085,1.0218552,Train
1.4133996186313238,1.0141839,Train
1.4156514480596825,1.0518264,Train
1.419435096646477,1.1131138,Train
1.42060863396587,0.9466766,Train
1.4213900193982931,0.9916327,Train
1.4215287234930565,1.2112788,Train
1.4216688801490924,1.0131704,Train
1.4219422296068551,0.7702782,Train
1.4243996867003108,1.0287617,Train
1.4265127067905803,1.0866295,Train
1.4278866319793109,1.069148,Train
1.4293763507566397,0.9997114,Train
1.430115718172298,0.9883822,Train
1.43054508043886,0.71096456,Train
1.43106658908457,1.0780427,Train
1.4312383929681307,1.0322007,Train
1.43229360780856,1.031672,Train
1.432343948182863,0.84927106,Train
1.4331925566461001,1.0267864,Train
1.433335626559434,1.0049175,Train
1.4339689509010562,0.99011874,Train
1.4354991156547385,0.7108307,Train
1.4368755021137263,1.0052786,Train
1.4371228117287342,1.1247643,Train
1.43786894318891,0.9880773,Train
1.443094033354666,0.6419487,Train
1.4434433954404766,1.0259235,Train
1.4448140591029317,1.1183661,Train
1.444859975698571,1.1185782,Train
1.4456013056226362,0.80690765,Train
1.4481007888676065,1.0594921,Train
1.4482888866551562,0.76246035,Train
1.448509795956306,1.0684563,Train
1.4490625827152657,1.014958,Train
1.4511202015999678,1.015638,Train
1.4518886471874584,1.0977808,Train
1.4529024098846604,1.1244375,Train
1.4535630278373615,0.8849807,Train
1.4539847434390454,0.9849428,Train
1.455603024820159,1.0157589,Train
1.4567537156945425,1.1564143,Train
1.4590049060366141,1.0731094,Train
1.4593220290918478,1.1173126,Train
1.4603865577124555,0.99037826,Train
1.4604363932238453,1.1389349,Train
1.460655238332215,1.015633,Train
1.4612845019083875,1.1111923,Train
1.4629432333332282,1.1679946,Train
1.463191571994095,1.149459,Train
1.464776597500898,1.0075047,Train
1.465310669250938,1.1198937,Train
1.4654904167177472,1.1640981,Train
1.4656104042783251,1.0232118,Train
1.4657525081901124,1.0191666,Train
1.4665407959577996,1.0685661,Train
1.4676088631946007,1.069159,Train
1.4680792449373796,1.0246214,Train
1.4684309762690908,0.9846543,Train
1.471151745047392,1.0193009,Train
1.4712846617760447,1.020392,Train
1.4724192305930304,1.0611926,Train
1.4727155439412531,0.99682844,Train
1.473879113141525,1.0578674,Train
1.4776074418702523,1.1126417,Train
1.4786777868370165,1.0337714,Train
1.4796171318255666,0.7433127,Train
1.4809072268916232,1.0173937,Train
1.4819423382230152,1.1506431,Train
1.4833668854517632,1.1726364,Train
1.4834223339405626,1.1390697,Train
1.483648286786631,1.1170746,Train
1.4844910316204782,1.1079179,Train
1.4845367946727137,1.1721572,Train
1.4855913073825444,1.0473306,Train
1.4872119986833077,0.87236,Train
1.4874013909129309,1.0735031,Train
1.4881240922597938,1.0367979,Train
1.490976918533792,1.0256957,Train
1.491638731277881,0.4881607,Train
1.493223090752038,0.97386944,Train
1.4933768019350453,1.0330355,Train
1.4941148220327571,1.0824842,Train
1.4948517947814222,1.0552549,Train
1.4971612451852174,1.0696545,Train
1.4973520660802864,0.98781455,Train
1.4980371086194713,1.0070632,Train
1.4982833881717768,0.99718535,Train
1.4990342001636585,0.9511671,Train
1.499304853460262,1.1308762,Train
1.5005775299931605,1.2148954,Train
1.502738734749017,1.0620347,Train
1.5031565151654518,0.9150878,Train
1.506212806786348,0.9822377,Train
1.5066389354898353,0.94455516,Train
1.5066464957229961,0.9269508,Train
1.5072682804135062,1.0253733,Train
1.509305648855252,1.0842125,Train
1.509690214071125,1.0245845,Train
1.5121847707082052,1.0477568,Train
1.5124447776509156,1.2400893,Train
1.513379663779694,1.0248381,Train
1.5139759206082695,1.1598841,Train
1.5144298193141246,0.9708971,Train
1.51599341483924,1.1063217,Train
1.5162737586566248,1.14353,Train
1.5172031436608029,1.0758604,Train
1.5184505923006684,1.1789949,Train
1.5185250405146329,0.9495734,Train
1.5185656685060136,0.9951147,Train
1.5217463709577297,0.89281404,Train
1.5252461233835553,1.055684,Train
1.525266511100416,1.0618204,Train
1.5260929050870244,1.0285903,Train
1.5262142552182063,0.969192,Train
1.5299687625888585,1.2070197,Train
1.5303332502252078,0.9960929,Train
1.5310281408959547,1.1631886,Train
1.531383314243704,1.0357618,Train
1.5322173854005023,1.1832119,Train
1.5329675567808312,0.79646564,Train
1.532972234262007,0.90378547,Train
1.5334496423949855,1.0983292,Train
1.5348620993517397,1.051056,Train
1.5354360517130166,1.17061,Train
1.535715515960572,1.071444,Train
1.535848366594382,1.012652,Train
1.5382820905550925,1.140414,Train
1.5393100483908175,1.1818177,Train
1.5425530528580982,1.1181676,Train
1.5425914031195156,0.8814111,Train
1.5432042141640765,1.0294114,Train
1.5460948873618439,1.0328692,Train
-2.990546553184857,-2.7747378,Test
-2.549282447975827,-2.3474207,Test
-2.5157026021668982,-2.039085,Test
-2.4685855919943034,-2.0271654,Test
-2.4295841794397033,-1.9595715,Test
-2.3054236447047316,-1.7774726,Test
-2.233440607203451,-1.9050729,Test
-2.218054629256846,-1.7466171,Test
-2.0807263515203536,-1.6812912,Test
-2.073975110591555,-1.6610276,Test
-2.062960035434324,-1.6572217,Test
-2.0200720803839367,-1.8701867,Test
-1.9239643114137703,-1.8152292,Test
-1.8961981969480306,-1.4797165,Test
-1.8759589443563867,-1.6341224,Test
-1.777834808326529,-1.6209042,Test
-1.7290468498600535,-1.3681571,Test
-1.713317209236765,-1.6042095,Test
-1.697827976401642,-1.6360235,Test
-1.6508760203039035,-1.4229977,Test
-1.6104867482424678,-1.2417418,Test
-1.5951946148040475,-1.399907,Test
-1.5902362951170967,-1.1659062,Test
-1.5791559167300213,-1.426362,Test
-1.5539970892482127,-1.0992298,Test
-1.5351583421404984,-1.3427612,Test
-1.5079646293493414,-1.3523307,Test
-1.4996827864240558,-1.2911184,Test
-1.4929512402331133,-1.3100106,Test
-1.4924606792264388,-1.1653475,Test
-1.3945533007247655,-1.1269547,Test
-1.361687391069716,-1.1850234,Test
-1.3335424529962465,-1.248604,Test
-1.3326391785054628,-1.3085399,Test
-1.2999826893426374,-1.2511287,Test
-1.238295237352658,-0.685856,Test
-1.224616701204692,-1.2073151,Test
-1.1758545176931792,-1.4718965,Test
-1.1344783037132842,-0.82927716,Test
-1.11482079606487,-0.43306985,Test
-1.1125816705736993,-0.6716889,Test
-1.1017768888690378,-0.8018248,Test
-1.0801033446351456,-0.8820263,Test
-1.05385049142128,-0.121594265,Test
-1.03172189588916,0.35303205,Test
-1.024771235126258,-0.11178906,Test
-1.0208624354464055,-1.2004024,Test
-1.0198616761468704,-0.06941338,Test
-1.019057935913383,-0.79321396,Test
-1.0174095356208763,-0.9400836,Test
-1.0110876467902017,-0.3044601,Test
-1.0037300502492854,-1.1339608,Test
-0.986001922238097,0.51918364,Test
-0.983306586246842,-0.9955108,Test
-0.9775949922809082,-0.666847,Test
-0.9649225345420489,-0.4018427,Test
-0.9559148787280746,-0.5192387,Test
-0.9448076368548195,-0.8973737,Test
-0.9309509888331908,-0.8378848,Test
-0.9187009264560511,-1.2216276,Test
-0.8748346792684248,-0.89263403,Test
-0.8603832066426195,0.1544027,Test
-0.8021225144763058,-0.42674208,Test
-0.7975081996339554,0.00059351325,Test
-0.7883696928093737,-0.6590241,Test
-0.7793804159374647,-1.1299787,Test
-0.7767645956009204,-0.6822562,Test
-0.7550958422262796,-0.72272515,Test
-0.7539738024493589,-0.8578907,Test
-0.7455360163690702,-0.4492037,Test
-0.7449187566331746,-0.6035707,Test
-0.7425417913644144,0.37193537,Test
-0.7311110950584176,-0.005696103,Test
-0.724021550219412,-0.24582255,Test
-0.7114847465525358,-0.69870937,Test
-0.7009813847853286,-0.95299613,Test
-0.7005949790822981,-0.14951259,Test
-0.6692485491869765,-0.069899626,Test
-0.6662045745942262,-0.10127493,Test
-0.6589998605086743,-0.4214667,Test
-0.647720846782436,-0.40268585,Test
-0.6456930946318797,-0.2543583,Test
-0.6367496031827687,-0.1554582,Test
-0.6308421086788945,-0.87325,Test
-0.628841783854368,-0.80190754,Test
-0.6070017584054389,-0.8538104,Test
-0.5936262447406514,0.24850747,Test
-0.5923245139317489,-0.46648625,Test
-0.5791997996896638,-1.2169037,Test
-0.5274152429052583,-0.4607192,Test
-0.5215656154530041,-0.36220834,Test
-0.49909624863935714,0.09060189,Test
-0.4797103089384849,-0.33646205,Test
-0.47779930722648073,0.13476437,Test
-0.4756703806496855,-0.24132033,Test
-0.47491536400896495,-0.9026849,Test
-0.47401054239044027,0.06856167,Test
-0.46265085685816565,-0.23590995,Test
-0.4623629111170272,-0.1094709,Test
-0.4374710661259426,-0.23638333,Test
-0.42932631051388304,-0.38833672,Test
-0.4276740258783137,0.3255197,Test
-0.4221521032656084,-0.65557194,Test
-0.41021722533112354,0.04589586,Test
-0.3982507560955203,-0.27646697,Test
-0.3948204759588478,0.98130333,Test
-0.3918150585552147,-0.8321248,Test
-0.3844348560528324,-0.22902521,Test
-0.3799434252504358,-0.14970675,Test
-0.377706716288398,-0.38735327,Test
-0.3631376080615702,-0.110732526,Test
-0.34897415438965224,-0.28563577,Test
-0.3071601942666114,0.06512985,Test
-0.29851646682493366,-0.009210974,Test
-0.2898705358828851,-0.10626074,Test
-0.28650601706415957,0.25402072,Test
-0.2651143027647692,-0.5853337,Test
-0.204653691042704,-0.06873478,Test
-0.20053230645292786,-0.41833487,Test
-0.18987280121250213,-0.094160005,Test
-0.16037338508670937,0.06995995,Test
-0.1555597688725505,0.7137617,Test
-0.14623949462108302,0.40137085,Test
-0.14089515512329898,-0.26321346,Test
-0.13116769749236845,-0.53774196,Test
-0.10935157143013485,0.5882431,Test
-0.10789445469659585,-0.2528367,Test
-0.08374441093664721,-0.14184357,Test
-0.07620702422148555,0.05866736,Test
-0.07364055436186935,0.11446816,Test
-0.05373586572917972,-0.41169745,Test
-0.05110197607948736,-0.46246025,Test
-0.04109055975169812,-0.43461692,Test
-0.0309785236859264,-0.11875759,Test
-0.0038483905744858397,0.17311251,Test
-0.003442437575940345,-0.10874146,Test
0.002659489143523018,0.32815543,Test
0.007896844478395634,0.1412757,Test
0.009318903998948998,0.527159,Test
0.009573194246189068,0.1412757,Test
0.022316356180384724,-0.020953938,Test
0.041690157817608084,0.27842614,Test
0.04800247153926449,0.316192,Test
0.04925790240243953,0.35637692,Test
0.05053744568107219,0.30711275,Test
0.05335561944589181,0.8090787,Test
0.06196623184611523,0.7379036,Test
0.06503395838321907,0.8157077,Test
0.08750762136164054,-0.04381301,Test
0.09076057767854367,0.11302808,Test
0.09475148088040956,0.76853776,Test
0.09578444158730384,0.5881989,Test
0.09657609307406287,-0.25126618,Test
0.10594057155632262,0.3846158,Test
0.1175874707022473,-0.04637598,Test
0.1265711223946216,-0.3406598,Test
0.1427883090829143,0.6881677,Test
0.1437709680555674,-0.97339904,Test
0.1616283455484825,-0.034392506,Test
0.1713349578828721,0.20850551,Test
0.17548231266160755,-0.2602207,Test
0.1831176875231683,-0.16555417,Test
0.21098895227414585,-0.62500226,Test
0.2172809809801585,0.07302426,Test
0.21769928863006893,-0.16889897,Test
0.21771423623295447,-0.16433991,Test
0.22295657257685608,0.5791215,Test
0.22960980349711546,0.11191587,Test
0.23267159217523625,-0.09268328,Test
0.2626115563570829,-0.16254123,Test
0.2693848490675131,-0.67320836,Test
0.28361360241032313,-0.031091914,Test
0.2955064084353252,0.7741107,Test
0.3042427011957703,0.62796175,Test
0.34095365798752125,-0.7008327,Test
0.35754230430122474,-0.13834201,Test
0.35938826563748916,0.2606962,Test
0.3706235296620843,0.2704031,Test
0.37510470000278584,0.30678725,Test
0.3864589337273822,1.0302957,Test
0.41924327370337877,0.4064599,Test
0.4283140602605605,-0.09350777,Test
0.42921157941581156,0.17288136,Test
0.45542657350378307,-0.007407859,Test
0.4599320199717834,-0.24687667,Test
0.4610104315598872,0.58120835,Test
0.4658302200155097,0.15890896,Test
0.4710443557237227,0.12372859,Test
0.4727485690435076,0.44948807,Test
0.4780354258566022,0.3846916,Test
0.49396365606108505,0.56523585,Test
0.4977711140439048,0.97888577,Test
0.5134308532699848,0.8833891,Test
0.515258846469053,0.89768827,Test
0.5236565251819525,0.38866204,Test
0.5406767042151663,0.3193346,Test
0.5746060854817618,0.74524176,Test
0.5917081956819761,0.98937047,Test
0.5988646671418474,0.8395412,Test
0.6073226172333751,0.6222986,Test
0.626129652543988,0.8711281,Test
0.6265954396783562,0.60656273,Test
0.6591070809765789,0.4564276,Test
0.664586475625388,0.74189186,Test
0.6677819004491025,0.21326986,Test
0.6808420207098472,0.77633965,Test
0.6896904052392786,-0.029067233,Test
0.707834011024266,0.5406555,Test
0.7083896225751176,0.13415739,Test
0.7174112467714622,0.29794934,Test
0.7211019080493397,0.06464791,Test
0.7251318427979238,0.42067364,Test
0.7304183066009161,0.46693775,Test
0.7404264131023524,0.9929849,Test
0.7426490677587245,0.81457114,Test
0.7431925854786293,1.0760933,Test
0.7444021922789448,0.62190056,Test
0.7452984302110914,0.76630175,Test
0.7483539454717969,0.7227254,Test
0.7507858314874584,1.0075575,Test
0.7668651062022573,0.7823082,Test
0.7784471037716122,0.289746,Test
0.7933449911333931,0.4860321,Test
0.8044918339858573,0.86431885,Test
0.810350873852133,0.57482564,Test
0.8220622276718066,0.6105008,Test
0.8275439747885932,0.83089423,Test
0.8461044910802004,0.31360286,Test
0.8733047914934863,0.5943768,Test
0.8779394076209802,0.43479964,Test
0.8883759815664917,0.9768238,Test
0.9177271113705967,0.94659626,Test
0.9292544113902493,0.06374498,Test
0.9459123998371076,-0.7094605,Test
0.9502420238551115,0.18807736,Test
0.9557369675698741,0.057959095,Test
0.9699153754541625,0.57966185,Test
0.9712813168943175,0.49054918,Test
0.9720586125812443,0.9833524,Test
0.9839173746780412,0.9703859,Test
0.9990566851464555,0.54350233,Test
1.0130468345818837,0.73399615,Test
1.0166592431249675,0.1982083,Test
1.0189618766083715,1.1346418,Test
1.0199675477715622,1.0302652,Test
1.0274455284421131,1.1612159,Test
1.053347788680828,1.1143512,Test
1.053692839349208,0.16717783,Test
1.0846245546119526,0.7364199,Test
1.088837036706567,0.84148276,Test
1.095572053385172,0.80315423,Test
1.103464753772519,1.0392747,Test
1.1224696887358525,0.37236452,Test
1.1279738181084833,0.69014263,Test
1.1364292179559272,1.0621095,Test
1.140119918382288,1.0706145,Test
1.1518971667264377,0.997759,Test
1.1643226514255653,1.0180376,Test
1.1781400258916672,0.015469305,Test
1.1903140314080558,0.74773383,Test
1.2013763135356244,1.0429006,Test
1.2117845480462779,1.1765785,Test
1.2128058165754998,0.96998966,Test
1.230876541611139,1.1701403,Test
1.2311662485256245,1.117712,Test
1.24292469593756,1.1176995,Test
1.2453950242389962,0.9761354,Test
1.2470284560833214,1.122432,Test
1.250030869222143,0.55147827,Test
1.2508513111139565,1.0052272,Test
1.2560191011184734,0.5567899,Test
1.2621087647025082,0.7131094,Test
1.272366733096724,0.997658,Test
1.2790325479666103,0.8354608,Test
1.3021653575248506,0.98781383,Test
1.306204252191994,1.2283016,Test
1.307127329714492,1.0259804,Test
1.3095055914590135,0.86831605,Test
1.3146651567229906,1.0454627,Test
1.3197771733571355,0.7763821,Test
1.3221636013736826,0.9141967,Test
1.3307576676926711,1.0583283,Test
1.3503676180680808,1.114796,Test
1.3584776550761182,1.0559891,Test
1.3913679842334326,1.0317054,Test
1.3940534466720331,1.0180967,Test
1.398612050679901,-0.6909317,Test
1.4040143441694442,0.7750356,Test
1.4079371834107282,1.0412294,Test
1.4318402343024923,1.1725472,Test
1.4404720392513923,1.1082013,Test
1.4493537864237265,0.93134177,Test
1.458938180750808,0.6341187,Test
1.4706708796457182,1.0436774,Test
1.5052283037675833,1.0622216,Test
1.5103401297435286,1.1587642,Test
1.5146032064233796,0.97576654,Test
1.5274182185357996,1.0668122,Test
1.5347895170460275,0.8004731,Test
1.5410670170887724,0.6269374,Test
